%YAML:1.0
CharRecognition:
   TrainSize: [ 12, 20 ]
   Labels: [ 0, 1, 2, 3, 4, 5, 6, 7, 8, 9, 99 ]
   Filter: !!opencv-matrix
      rows: 11
      cols: 180
      dt: f
      data: [ 3.27777028e-01, -1.68290448e+00, -7.28901386e-01,
          -1.55704093e+00, -1.26509583e+00, 1.17217743e+00,
          -2.27103496e+00, -6.26534581e-01, -9.28167582e-01,
          -9.10449147e-01, 1.78196073e+00, 2.22022027e-01,
          1.25008261e+00, 5.98372221e-01, 9.75369990e-01, 4.23725218e-01,
          -3.21844459e-01, 1.25984609e+00, 6.38647616e-01,
          2.07456350e+00, 1.81112742e+00, 5.66677809e-01, 1.41823804e+00,
          4.27341342e-01, 2.39443874e+00, 1.85637879e+00, 1.05657113e+00,
          2.08880973e+00, 1.01964092e+00, 1.01546896e+00,
          -2.96481758e-01, -3.76008332e-01, 1.59412622e+00,
          1.08092833e+00, -6.06717408e-01, -1.35731006e+00,
          -2.20500636e+00, -1.59411299e+00, -1.12594509e+00,
          -3.44381869e-01, 5.87698996e-01, -1.48823202e+00,
          -2.46408415e+00, -1.60011697e+00, -8.77507925e-01,
          1.25728130e+00, -1.55766046e+00, -5.25267005e-01,
          8.49240087e-03, 2.18018270e+00, 1.80566800e+00,
          -3.52033556e-01, -1.29066515e+00, 5.42847097e-01,
          3.02930140e+00, 1.29092515e+00, -1.03965437e+00,
          -1.12221085e-01, -5.82271256e-03, 1.15569520e+00,
          -9.12867129e-01, -3.87289214e+00, -2.77235222e+00,
          -1.11469519e+00, -1.07332718e+00, -1.14922857e+00,
          -1.77320993e+00, -2.13014126e+00, -2.11479712e+00,
          -2.80879068e+00, 6.49518549e-01, 4.16750073e-01,
          -2.05890015e-01, -3.96437645e-01, -7.34319270e-01,
          1.94040656e-01, 3.06276965e+00, 2.44704676e+00, 1.62872538e-01,
          7.50948727e-01, -2.77206898e-01, 2.21373153e+00,
          1.75283980e+00, -6.40896380e-01, 2.32658291e+00,
          1.75179911e+00, 1.17935836e+00, -4.33589667e-01,
          -1.04279435e+00, 1.50219822e+00, -1.20393336e+00,
          -5.99200875e-02, 2.59328872e-01, 4.12447304e-01,
          -4.78823602e-01, 2.56896436e-01, 2.68405437e-01,
          -3.26702297e-02, 3.77482384e-01, 4.04580742e-01,
          -4.86825645e-01, -1.20978141e+00, -1.52419508e+00,
          -1.04456651e+00, -7.82531053e-02, 6.09865427e-01,
          -1.24801230e+00, -2.78370309e+00, -1.70391428e+00,
          5.41054904e-01, -3.59518051e-01, -2.24815679e+00,
          -3.11180449e+00, -1.69449389e+00, 1.57791770e+00,
          5.80055118e-01, -1.59469485e+00, -1.69773853e+00,
          -4.54839349e-01, 2.28231168e+00, 2.14799970e-01,
          7.41517186e-01, 5.99065363e-01, 1.74100614e+00, 1.78760827e+00,
          -6.51309133e-01, -2.89796114e-01, -1.16652572e+00,
          -3.33020464e-02, 2.57643852e-02, -1.48554847e-01,
          4.34636146e-01, -5.94267666e-01, 1.09774187e-01,
          -7.88508773e-01, 2.92044258e+00, 6.61084726e-02,
          -1.42734039e+00, -4.42622900e-01, 2.19472837e+00,
          2.63147616e+00, 1.08897126e+00, -8.54302466e-01,
          -9.60067809e-01, 2.23800921e+00, 1.22098196e+00,
          1.45976436e+00, 2.25921535e+00, -2.33070269e-01,
          2.89841294e-01, -1.72729850e+00, 4.46179271e-01,
          -3.25649798e-01, -7.17160940e-01, -9.22889888e-01,
          -1.97777474e+00, -2.44939756e+00, -1.04124260e+00,
          -7.48297334e-01, -4.38711613e-01, 1.50251433e-01,
          -2.22628474e+00, -1.06211412e+00, -7.38620460e-02,
          2.47646737e+00, 1.04267848e+00, 4.44868021e-02, 6.15275741e-01,
          1.27625430e+00, 6.14404142e-01, 1.55218101e+00, 1.39421925e-01,
          -6.93367779e-01, -1.00642554e-01, 2.94924259e-01,
          1.87830460e+00, -2.11312628e+00, -2.62118435e+00,
          -6.92479312e-01, 7.05533862e-01, 1.50978637e+00,
          -2.61907279e-01, 1.97582722e+00, 1.47649741e+00,
          6.37062252e-01, 3.78417403e-01, 2.19516009e-01, 2.52718639e+00,
          1.85372567e+00, -2.52756894e-01, 1.84172973e-01,
          2.46667609e-01, 2.49224812e-01, 1.19998586e+00, 5.21610379e-01,
          3.31077963e-01, 1.29967821e+00, -3.26146841e-01,
          -5.83849251e-02, 1.55345607e+00, -1.04404783e+00,
          6.63453937e-01, -9.38074112e-01, 2.53770113e-01,
          5.30364454e-01, -9.65093747e-02, 7.67921448e-01,
          -7.02655971e-01, 8.34295452e-01, -5.43323576e-01,
          -5.02773821e-01, -3.15876424e-01, -1.62244940e+00,
          1.01984358e+00, -1.91468155e+00, 1.55450583e+00,
          5.47798097e-01, 4.69831735e-01, 1.29607582e+00,
          -2.11536598e+00, 3.30847931e+00, 3.31816971e-01,
          1.08201551e+00, 1.92195582e+00, 2.63984233e-01,
          -1.71065927e+00, 1.22810566e+00, 2.26536870e+00,
          3.64230275e-01, 3.34624201e-01, -1.54591155e+00,
          -1.24712956e+00, -2.90952778e+00, -2.41952109e+00,
          -2.30371788e-01, 1.75548717e-02, -1.59562373e+00,
          -2.95435047e+00, -1.90688634e+00, 3.89106482e-01,
          -7.60302901e-01, -8.89586210e-01, -2.20904160e+00,
          -1.56216121e+00, -1.25907183e+00, -1.26244104e+00,
          8.99069130e-01, -7.32496500e-01, -1.58361936e+00,
          -9.48682606e-01, -1.22586560e+00, 4.19790208e-01,
          -1.32658625e+00, -2.20907736e+00, -9.68712807e-01,
          -1.31708598e+00, -1.26930737e+00, -1.78500354e+00,
          -1.35277033e+00, 3.11265886e-01, -1.33289862e+00,
          -2.16628242e+00, -9.25802469e-01, 1.89069986e+00,
          4.94294673e-01, -1.93336022e+00, 4.65306789e-01,
          2.40480375e+00, 1.71924114e+00, 1.47345626e+00, 6.18884444e-01,
          -1.49240541e+00, -7.52275288e-01, 1.70728779e+00,
          2.83067489e+00, -1.37993515e+00, -4.56536859e-01,
          3.27136695e-01, 7.29306340e-01, -8.41526985e-01,
          -2.49020910e+00, -2.41534662e+00, -9.69384670e-01,
          -8.17856908e-01, -1.56446493e+00, 1.02367878e+00,
          1.78586161e+00, 2.61121774e+00, 1.23421466e+00,
          -1.08333600e+00, -1.38868320e+00, 7.85177127e-02,
          1.23950958e+00, 6.68226182e-01, -1.06358182e+00,
          -2.20039845e+00, -1.55279112e+00, 1.59422383e-01,
          -2.20178440e-01, -1.25939369e+00, -2.08736467e+00,
          -2.97031474e+00, -1.49089932e+00, -1.24441195e+00,
          -1.15979230e+00, 6.01774514e-01, -5.73318183e-01,
          1.97186619e-01, 2.24309430e-01, 9.65110242e-01, 3.71114969e+00,
          2.77199984e-01, 6.37700021e-01, -9.95550752e-01,
          1.83229709e+00, -1.54425815e-01, 1.83090842e+00,
          2.13369894e+00, 1.30885863e+00, -1.11695611e+00,
          5.79408884e-01, -1.82921624e+00, 5.82650565e-02,
          1.33023918e+00, 7.05166221e-01, 1.47644746e+00,
          -2.58771086e+00, -1.29276299e+00, -3.13851118e-01,
          -5.99938810e-01, 5.53608239e-01, -2.22589552e-01,
          -1.96638250e+00, 4.99123245e-01, -4.20686454e-01,
          3.14499289e-01, 9.64926898e-01, 7.58461535e-01, 1.17396808e+00,
          5.61916590e-01, -1.17755063e-01, -2.30109364e-01,
          -3.57666254e-01, 8.84975076e-01, 1.33722854e+00,
          1.30561650e-01, -1.12221837e+00, -2.80780673e+00,
          -1.51118541e+00, 2.25679088e+00, -2.42381811e+00,
          1.37926841e+00, -3.90009463e-01, -1.39535213e+00,
          8.41924727e-01, -1.38164270e+00, 2.03197479e-01,
          1.56326532e+00, 9.32524204e-01, 1.11115396e+00,
          -3.58445585e-01, 5.75909764e-02, 4.63326424e-01,
          3.06774288e-01, -6.38722837e-01, -1.36671269e+00,
          7.51349807e-01, 1.26511002e+00, 1.16043639e+00,
          -3.11086606e-02, -1.28788400e+00, 8.94997537e-01,
          1.32907093e+00, 9.47003305e-01, 7.63956666e-01,
          -1.66894925e+00, 2.78824955e-01, -1.63293764e-01,
          -2.59155005e-01, 1.02445316e+00, -1.35528708e+00,
          -8.97503436e-01, -1.18825579e+00, -2.59157158e-02,
          -2.38983601e-01, -9.59524512e-01, -4.55194741e-01,
          -1.05012703e+00, -3.75551760e-01, -2.04331350e+00,
          1.60337794e+00, -1.70379505e-01, -8.86747599e-01,
          -7.01315105e-01, -2.17528677e+00, 1.95912516e+00,
          1.91433668e-01, -2.59444118e-01, 6.38526008e-02,
          -8.97149861e-01, 9.11570430e-01, -6.20140076e-01,
          -3.41958404e-01, -2.73171604e-01, 2.33425903e+00,
          -4.02416021e-01, -3.33988875e-01, -7.71497190e-03,
          3.48061830e-01, -1.05356932e+00, -6.47667944e-01,
          8.38427395e-02, -4.69457299e-01, 3.37456129e-02,
          -1.10716127e-01, -7.28777528e-01, -6.05831563e-01,
          -3.18154961e-01, 1.04056045e-01, -1.98101290e-02,
          -5.03727496e-01, -6.12552047e-01, -5.36019802e-01,
          -5.61152771e-02, 1.04987550e+00, 1.46975517e+00,
          6.56998158e-01, -5.64808309e-01, 3.81846577e-01,
          8.64521980e-01, 2.04586267e+00, 4.35665071e-01, 1.10269165e+00,
          7.51975477e-01, 2.26902699e+00, 8.88579011e-01, 2.02339336e-01,
          1.29926598e+00, 1.17274511e+00, -3.74860130e-02,
          -5.39202750e-01, 1.17436731e+00, 1.79781401e+00,
          1.74148098e-01, -3.20412666e-02, -4.60707575e-01,
          3.01770270e-01, -1.81445813e+00, -3.59816968e-01,
          5.62341362e-02, 4.16731924e-01, 6.52785122e-01, 5.75820267e-01,
          -9.59730148e-01, -2.04948068e+00, -2.69262474e-02,
          -4.50068206e-01, -1.21411026e+00, -1.49809456e+00,
          -1.68037856e+00, 3.51447582e-01, -3.60894769e-01,
          -7.06984341e-01, -1.10714102e+00, -5.01904666e-01,
          -6.54313326e-01, -1.03806448e+00, -1.22160876e+00,
          -1.02610266e+00, -2.64603347e-01, -1.00571430e+00,
          -7.04777464e-02, -8.24454963e-01, -7.05310881e-01,
          -6.14082720e-03, -6.23348653e-02, 3.09872419e-01,
          9.44288522e-02, 4.71172333e-01, 8.13137352e-01, 5.42555749e-01,
          6.65254056e-01, 1.63829076e+00, 2.91620493e+00, 3.81900740e+00,
          -9.35371041e-01, -6.06317699e-01, 6.90074563e-02,
          1.28294325e+00, 1.18894136e+00, -1.00506842e-01,
          3.78041267e-01, -1.98438421e-01, 7.50294507e-01,
          1.17110282e-01, 1.04284488e-01, -2.34350637e-01,
          8.94425929e-01, 1.26286924e+00, 1.23530817e+00, 3.04195583e-01,
          7.86716163e-01, 9.34242547e-01, 2.59518027e-01, 1.43465507e+00,
          5.00549376e-03, 3.99273902e-01, 1.59725511e+00, 8.81425440e-01,
          3.86499614e-02, -6.74887002e-01, 4.04168963e-01,
          1.28648961e+00, 6.24734342e-01, -1.92559540e-01,
          -1.56153262e+00, -1.14187551e+00, -7.79089630e-01,
          -8.87097180e-01, -1.43287146e+00, -5.14527932e-02,
          -9.70322907e-01, -1.67371726e+00, -1.33434021e+00,
          -1.17930734e+00, 3.55742276e-01, -9.54836428e-01,
          -1.99922049e+00, -9.63478625e-01, -6.36142612e-01,
          9.03346948e-03, 1.87658072e-01, -8.78331661e-01,
          -4.21844661e-01, 1.60836369e-01, -1.11877576e-01,
          -2.75793344e-01, -1.29847437e-01, -1.31722903e+00,
          1.46204793e+00, 5.56962371e-01, -9.37208116e-01,
          -8.28296244e-01, -2.27508433e-02, -9.11042631e-01,
          -1.96066916e+00, -7.92599738e-01, -1.58733678e+00,
          2.06280231e-01, 2.98859864e-01, -2.88321590e+00,
          -8.85016844e-02, -1.12374496e+00, -1.48261681e-01,
          1.57690120e+00, -2.04232502e+00, 1.16025531e+00,
          6.21311478e-02, 8.99593905e-02, 1.89144596e-01,
          -1.65047872e+00, 2.01673079e+00, -3.39329451e-01,
          -1.54985297e+00, -7.16768444e-01, -1.76646173e+00,
          -1.69011980e-01, -1.67917192e+00, -6.38376951e-01,
          8.59194875e-01, -1.35114849e+00, -4.31775093e-01,
          -2.98419118e-01, 3.67132984e-02, 9.60071266e-01,
          -6.50700629e-01, -7.22828656e-02, 9.50799063e-02,
          3.28090400e-01, 2.38406077e-01, 6.25211775e-01, 7.46936798e-01,
          2.71151602e-01, -3.85241024e-02, -6.77629769e-01,
          -1.13590610e+00, -2.42055154e+00, -3.99478704e-01,
          9.85292971e-01, -7.94126511e-01, -1.95038712e+00,
          2.32180834e-01, 1.32733560e+00, 3.96514446e-01,
          -1.18369830e+00, 1.76656812e-01, 2.13770106e-01,
          7.41147578e-01, 1.76074594e-01, 3.40592936e-02,
          -3.25483620e-01, -1.22617908e-01, 2.12269530e-01,
          -1.63144350e-01, 1.72821507e-02, -1.38226235e+00,
          -1.44137955e+00, -3.80948633e-01, 3.90968502e-01,
          6.75439835e-01, -3.48679209e+00, -1.44463348e+00,
          8.29014003e-01, 1.43827081e+00, 3.63202453e-01,
          -1.30982265e-01, -1.87465921e-01, 1.57735631e-01,
          4.72915143e-01, 1.48869514e+00, 1.48821712e+00, 2.14577988e-02,
          -9.88856137e-01, 5.19345820e-01, 1.37768042e+00,
          1.08198631e+00, -6.64738417e-01, 4.05764043e-01,
          3.10514033e-01, 1.37608373e+00, 7.84321725e-01, 9.16356325e-01,
          8.63599956e-01, -1.01806462e+00, -1.59651923e+00,
          1.04467928e+00, 1.42537344e+00, 8.33230257e-01,
          -2.64484882e-01, -1.02167833e+00, 1.04599917e+00,
          1.27979636e+00, 8.49983871e-01, 2.21199080e-01,
          -9.74530458e-01, 6.96252465e-01, -1.12256420e+00,
          2.15850621e-02, 8.80601183e-02, 9.74673629e-01,
          -1.85302818e+00, -2.19659424e+00, -7.37400055e-01,
          -1.63721010e-01, 1.55831349e+00, 2.77842015e-01,
          -2.27711588e-01, -1.27283812e-01, -3.00865293e-01,
          -2.44333908e-01, 2.94860125e+00, 1.97433436e+00,
          1.56795049e+00, 5.68812072e-01, -7.45058954e-01,
          9.81078863e-01, -3.90087441e-02, -4.88621294e-01,
          -5.83426952e-01, -1.08679891e+00, 9.94074464e-01,
          2.08333760e-01, 4.93777305e-01, 1.88714322e-02,
          -1.45630276e+00, 3.41191351e-01, 9.42719635e-03,
          1.42819417e+00, 7.45877981e-01, -4.27826792e-01,
          9.21322584e-01, -1.85061491e+00, 4.85066861e-01,
          2.21334338e+00, 8.62119496e-01, 4.11779553e-01,
          -2.17844748e+00, -1.62110436e+00, 9.12165701e-01,
          3.84235859e-01, -1.80459881e+00, -1.35199875e-02,
          -2.31030583e+00, 5.45319498e-01, 2.06523508e-01,
          -1.23007357e+00, 1.16624510e+00, 1.74261832e+00,
          8.64330709e-01, 1.00936162e+00, -1.29444480e+00,
          1.59044147e+00, 2.29033184e+00, 1.88002717e+00, 1.47006583e+00,
          -1.15593445e+00, 7.88035393e-01, 2.37688255e+00,
          8.75226021e-01, 1.20608962e+00, -6.00744545e-01,
          -1.32489443e+00, 3.02990228e-01, 1.19658756e+00,
          1.11097610e+00, -4.48163241e-01, -1.61037302e+00,
          -3.47777694e-01, 7.46577740e-01, -4.79535252e-01,
          3.64918977e-01, 2.19659257e+00, 9.59388852e-01, 1.14754319e+00,
          1.63582563e+00, -4.67418343e-01, -1.31440833e-01,
          -1.10474789e+00, -7.97561765e-01, 2.28174582e-01,
          7.00600922e-01, -9.58136857e-01, 5.64616024e-01,
          -8.06720462e-03, 2.42005602e-01, -3.87880147e-01,
          8.22719097e-01, 2.49675131e+00, 1.51946998e+00, 1.26748419e+00,
          1.76064932e+00, -2.05973998e-01, 9.85594332e-01,
          2.58999765e-01, 8.49527299e-01, 1.86995494e+00, 2.03985855e-01,
          5.67889988e-01, -4.96068001e-01, 4.88008037e-02,
          2.82870948e-01, -1.72281161e-01, -9.03780460e-02,
          -5.41728139e-01, -9.16066825e-01, -1.07028627e+00,
          -8.33393097e-01, -7.47451603e-01, -8.18717122e-01,
          6.62261546e-01, 1.19643062e-01, -3.29129875e-01,
          1.32634509e+00, 1.43395948e+00, 1.70706093e+00,
          -1.35001004e+00, 5.78631639e-01, -1.88220575e-01,
          -4.08581018e-01, -2.17383146e-01, 7.09358184e-03,
          2.86719382e-01, -1.30871475e+00, -1.92557549e+00,
          -1.57340634e+00, 1.19759417e+00, -6.21661134e-02,
          -1.44667506e+00, -1.68607140e+00, -5.59548020e-01,
          1.45442390e+00, 2.83586442e-01, -7.30763897e-02,
          4.33669716e-01, 2.85251737e-01, 1.49577391e+00, 1.25701892e+00,
          1.56539989e+00, 8.72860372e-01, -2.94723082e-02,
          1.72724366e+00, 1.85219240e+00, 1.26638258e+00, 6.43149853e-01,
          -5.82509875e-01, 5.92925549e-01, -1.08244789e+00,
          -2.65069813e-01, -7.87051916e-01, 1.64906025e-01,
          -1.10764436e-01, -1.28466225e+00, -7.97506630e-01,
          -8.62945199e-01, 9.47385132e-01, -8.10636759e-01,
          -6.03485331e-02, -6.20456874e-01, -2.53134221e-01,
          -1.46896869e-01, -1.33670688e+00, -8.75749290e-01,
          7.98072666e-02, 4.21269387e-01, -3.18510234e-02,
          -1.84813380e+00, -8.32306504e-01, -1.22394614e-01,
          -8.11031222e-01, -1.77424359e+00, -1.77112997e+00,
          -3.97585601e-01, 1.04719770e+00, 8.25289667e-01,
          -3.29201996e-01, -1.54762399e+00, -1.04236293e+00,
          -5.55023015e-01, -3.95364910e-01, -2.76737452e-01,
          1.06316757e+00, 1.07624270e-01, 3.35385487e-03,
          -1.20411348e+00, 1.38028538e+00, 2.52233195e+00,
          1.18863046e+00, 8.18870306e-01, -4.10943210e-01,
          1.11153364e+00, 1.75426698e+00, 1.18825936e+00, 5.71376622e-01,
          -2.50856131e-01, 9.84823644e-01, 8.33532989e-01,
          8.88160348e-01, 2.39748001e-01, -1.93039909e-01,
          1.51881397e+00, -3.90439183e-01, -1.42727089e+00,
          -4.74350721e-01, -1.64912358e-01, 2.25393772e+00,
          -2.00896883e+00, -1.90710798e-01, 9.75053012e-01,
          -7.23387813e-03, 1.48462966e-01, -1.62059581e+00,
          -1.89282668e+00, -3.00978243e-01, 1.08860147e+00,
          -3.37547302e-01, -1.71030176e+00, -3.30171138e-01,
          -1.56609142e+00, -4.28209841e-01, -1.20595850e-01,
          7.44492710e-01, 1.06358969e+00, -3.44333231e-01,
          -2.01618052e+00, -1.02755690e+00, 8.30338955e-01,
          9.68862653e-01, 1.23105145e+00, -2.35292628e-01,
          -2.73557544e+00, 4.52191472e-01, 2.05048978e-01,
          -1.40876919e-01, 9.46021080e-01, 3.19001853e-01,
          1.11849499e+00, 1.64218932e-01, -4.83661145e-01,
          -3.21090333e-02, 1.68471754e+00, 1.42262816e+00,
          -1.81430370e-01, -8.23897898e-01, -3.30913156e-01,
          1.45192063e+00, -5.78792810e-01, -6.96336567e-01,
          -7.73522377e-01, -8.64224195e-01, 5.94076961e-02,
          6.99139595e-01, 5.50693035e-01, 9.58825886e-01, 4.30671096e-01,
          2.01987910e+00, 9.06928122e-01, 1.04232478e+00, 1.18303895e+00,
          -4.19983953e-01, -8.08187425e-01, 8.27599227e-01,
          1.17480719e+00, 8.76042247e-01, -1.01273596e+00,
          -2.37099051e+00, 9.31028545e-01, 4.97063339e-01,
          -8.47021937e-02, -9.71050322e-01, -1.74734187e+00,
          4.51721400e-01, -2.97053277e-01, -6.60624027e-01,
          -6.79001749e-01, 5.23741722e-01, -4.68052149e-01,
          -3.72677624e-01, -3.62891331e-02, -1.68675303e-01,
          9.84453678e-01, -1.26273668e+00, -1.93798169e-01,
          5.21959722e-01, 3.54179472e-01, 1.05999780e+00,
          -9.76938069e-01, -2.04338446e-01, 3.87811393e-01,
          4.71700996e-01, 5.32268226e-01, -2.15459526e-01,
          -7.28132054e-02, -4.90553901e-02, 1.46858087e-02,
          -1.24372035e-01, -5.41240945e-02, -3.34986925e-01,
          -4.07135546e-01, -3.76184702e-01, 5.95026970e-01,
          -1.86449677e-01, -4.45055813e-01, -1.82254541e+00,
          -1.34161115e+00, -9.60891172e-02, -1.20154786e+00,
          -1.75523484e+00, -1.87019145e+00, -2.04690957e+00,
          -7.39059448e-02, -4.72065620e-03, -2.04539132e+00,
          -1.93710649e+00, -1.52922451e+00, -2.18067780e-01,
          2.95921922e-01, -1.55124569e+00, -1.20880866e+00,
          -9.50451076e-01, 1.16465867e-01, 5.36211208e-02,
          2.39744902e-01, -4.17423874e-01, -5.87951601e-01,
          2.82105893e-01, 7.84562349e-01, 4.48202074e-01,
          -2.43831471e-01, 1.28593996e-01, 5.47765553e-01,
          -6.79014390e-03, 3.87255251e-01, 7.44510889e-01,
          9.11388397e-01, 9.03131962e-01, 3.15432310e-01,
          -4.38603371e-01, 1.74275130e-01, 7.83320904e-01,
          9.69086468e-01, -1.01996496e-01, -3.02958280e-01,
          4.79094982e-01, 1.00274837e+00, 2.55552483e+00, 2.90279776e-01,
          -2.20460996e-01, 3.22421752e-02, -2.54793644e-01,
          8.02094758e-01, 5.64448833e-01, 1.01531589e+00, 1.36242676e+00,
          1.53521383e+00, 1.96035242e+00, 1.05148590e+00, 1.56059670e+00,
          1.38444161e+00, 6.39739215e-01, 2.32927576e-01, 1.42291701e+00,
          1.02956319e+00, 7.33140886e-01, -1.02585077e-01,
          -3.29625696e-01, 7.11116076e-01, 1.25342563e-01,
          -1.75063480e-02, -4.86119151e-01, -3.40147376e-01,
          -4.78282094e-01, -6.88424408e-01, -4.69770610e-01,
          -4.26989257e-01, -1.79235354e-01, -5.68892360e-01,
          -4.31022532e-02, 3.92453931e-02, -1.11276463e-01,
          -9.86480191e-02, -4.28658515e-01, 2.98944116e-01,
          8.34097192e-02, -2.65157431e-01, -4.04810607e-01,
          2.87586927e-01, -6.99372739e-02, -7.77449489e-01,
          -5.67396343e-01, -5.48039913e-01, -8.85024309e-01,
          -3.86928886e-01, -2.94147819e-01, -2.29485050e-01,
          4.79802005e-02, -2.01954737e-01, -2.68664569e-01,
          6.30109727e-01, 7.97279119e-01, 1.04094410e+00, 9.13391590e-01,
          2.19516143e-01, 8.48305881e-01, 1.57284832e+00, 1.53413606e+00,
          2.87234485e-01, 1.91360831e-01, 1.12583168e-01, 1.30660427e+00,
          1.27673805e+00, -2.34604523e-01, -5.64851053e-02,
          1.05792831e-03, 3.86525959e-01, 1.07195711e+00,
          -6.12356722e-01, -6.02216423e-02, 8.64246190e-02,
          9.55868920e-04, 1.85330957e-03, -1.62220284e-01,
          -2.65660018e-01, -4.75790858e-01, -5.73766947e-01,
          1.26519729e-03, -1.26741990e-01, -6.45342827e-01,
          -6.48585111e-02, 9.27871317e-02, -1.96084931e-01,
          2.98031688e-01, 7.43875802e-02, -5.08784831e-01,
          1.05681419e+00, -4.47867438e-02, -6.91331327e-01,
          3.43415618e-01, -4.60245341e-01, 2.79494941e-01,
          -1.46440792e+00, 3.70708019e-01, 4.18405443e-01,
          -9.50671732e-01, 3.11933607e-01, -1.95796502e+00,
          1.30457067e+00, -3.06245267e-01, -1.39941514e+00,
          -3.74369591e-01, -1.88262701e+00, 2.82084256e-01,
          -7.89113820e-01, -8.28889489e-01, -1.24853218e+00,
          -1.65967774e+00, 1.41464591e-01, -2.30534792e-01,
          -1.10479489e-01, -1.28654063e+00, -6.08170390e-01,
          -8.41620639e-02, -1.00735135e-01, -4.97157484e-01,
          -8.88265967e-01, 5.82767785e-01, -4.05924439e-01,
          -1.82845727e-01, -1.69150084e-01, 3.85283411e-01,
          -1.23312324e-01, 2.97795892e-01, -2.60209769e-01,
          -6.45708382e-01, -5.24216890e-01, -1.85840324e-01,
          1.65555084e+00, 1.71777344e+00, 1.04668748e+00, 5.38484216e-01,
          1.12778687e+00, 1.23110962e+00, 1.35919201e+00, 1.37759006e+00,
          1.29996479e+00, 2.09475946e+00, 1.06642580e+00, 1.17996633e+00,
          1.04735541e+00, 2.04298401e+00, 1.71087420e+00,
          -7.69285738e-01, -5.00246704e-01, 7.07838774e-01,
          3.09561998e-01, 7.41175652e-01, -1.38900423e+00,
          -6.84008420e-01, -3.12641293e-01, -1.08154333e+00,
          -1.16721928e+00, -1.05726278e+00, -1.01282430e+00,
          -1.42727292e+00, -8.74199092e-01, -5.61629593e-01,
          -5.30381203e-01, 6.71044469e-01, -4.68985029e-02,
          -6.28436625e-01, -7.02281296e-01, 4.00515907e-02,
          4.53716666e-01, -3.26084614e-01, -8.66716743e-01,
          -8.68787110e-01, -9.43130910e-01, -1.69134140e-01,
          -3.86040747e-01, -9.97214615e-01, -4.50593948e-01,
          -1.11416984e+00, -6.48241699e-01, -5.02420902e-01,
          -4.18848619e-02, 9.10782278e-01, -1.89943218e+00,
          -1.45962167e+00, -1.34716773e+00, -9.56978381e-01,
          3.22877645e-01, -1.11037111e+00, -9.44365323e-01,
          -9.71077919e-01, -1.15954459e+00, -4.89409178e-01,
          2.67374992e-01, 2.43917197e-01, 2.20016062e-01,
          -3.02153677e-01, -9.59570333e-02, 1.01818478e+00,
          4.40325975e-01, 3.51541728e-01, -4.49118644e-01,
          -7.73490191e-01, -3.87249999e-02, -2.86772639e-01,
          -1.87845141e-01, -5.78094237e-02, 1.22845680e-01,
          -1.61108285e-01, -2.56228089e-01, 6.68153703e-01,
          1.15044200e+00, 1.87136090e+00, -6.89815953e-02,
          -2.22150058e-01, 3.53207976e-01, 6.26502216e-01,
          1.04791440e-01, -6.46763146e-01, -4.86608177e-01,
          -2.34523833e-01, 1.22947681e+00, 9.31221068e-01,
          -1.38652050e+00, 8.21330398e-02, -8.00611079e-02,
          -6.51169300e-01, -6.49215996e-01, 1.13795474e-01,
          -9.11900997e-01, -9.60147321e-01, -1.49496281e+00,
          -1.87001213e-01, 1.25258759e-01, -9.32042122e-01,
          -3.22042443e-02, -4.88195598e-01, -3.99152301e-02,
          9.20898542e-02, -4.18358564e-01, -1.35681182e-01,
          4.10975486e-01, 9.08342779e-01, -1.21341266e-01,
          -2.80363530e-01, 5.30929983e-01, 1.47761607e+00,
          1.59989047e+00, 1.06140447e+00, 2.84266621e-01, 1.58656955e+00,
          8.20503354e-01, 1.42084622e+00, 1.09285367e+00, 7.97709644e-01,
          1.35892749e+00, 1.67532670e+00, 6.76270068e-01, 1.64478397e+00,
          6.06081545e-01, 1.36811447e+00, 5.25363803e-01,
          -7.21928358e-01, -1.19230732e-01, 5.17076254e-01,
          1.16327381e+00, -4.37753797e-02, -1.09039044e+00,
          -2.43552282e-01, 4.90434095e-02, -6.11676931e-01,
          -3.96027982e-01, 2.41242146e+00, -8.47050905e-01,
          -2.11550012e-01, -9.32145655e-01, -9.87149894e-01,
          9.41194594e-01, -2.07273245e-01, -6.79674521e-02,
          -9.58200753e-01, -7.12100506e-01, 1.24315336e-01,
          -1.58433521e+00, -1.95148680e-02, 5.07463515e-01,
          1.26389980e+00, -1.61185086e-01, -4.93268281e-01,
          7.65304342e-02, 5.13583243e-01, 4.23492432e-01, 3.57079953e-01,
          -1.09869175e-01, 8.93868685e-01, -4.16207850e-01,
          2.98897892e-01, 5.43972738e-02, 2.62137413e-01, 8.83645415e-01,
          -3.01847428e-01, 7.64140487e-01, -9.67420995e-01,
          -8.79980803e-01, 5.20129144e-01, -5.94084382e-01,
          6.41598701e-01, -1.04374945e+00, -4.28475499e-01,
          1.11089754e+00, 9.96495545e-01, 1.16099191e+00,
          -1.07709372e+00, -1.80163443e-01, 8.11079070e-02,
          -9.64097738e-01, 2.21739411e-01, 1.19380903e+00,
          6.54552937e-01, -8.82849157e-01, 3.56602877e-01,
          1.15285933e+00, 1.95102191e+00, -3.38380933e-01,
          5.63988447e-01, 7.12167263e-01, 4.59749192e-01, 1.85119200e+00,
          -2.64942050e-01, 3.71131182e-01, 2.51193866e-02,
          4.84424442e-01, 1.03910196e+00, 6.32829010e-01, 6.39179528e-01,
          -7.20988572e-01, -3.15729707e-01, -1.53494524e-02,
          1.64194953e+00, 6.55535758e-01, -1.32103324e+00,
          -8.97533774e-01, -2.41060629e-01, 9.67212796e-01,
          1.15133274e+00, -2.03876162e+00, -2.82140183e+00,
          9.13639441e-02, 3.67605418e-01, -7.65331209e-01,
          1.55091643e-01, -8.89372289e-01, -7.35923946e-01,
          -9.98927131e-02, -4.86216038e-01, 7.04339370e-02,
          -1.39146328e+00, -9.09767270e-01, 2.85080266e+00,
          6.13964126e-02, -4.56183970e-01, -8.34456444e-01,
          1.54699206e+00, 3.37209988e+00, 1.89660084e+00, 1.26980710e+00,
          -2.07724690e-01, -2.20587417e-01, 2.88941717e+00,
          1.83387136e+00, 1.55236149e+00, 2.75813729e-01, 3.36913228e-01,
          4.30084288e-01, 1.16671853e-01, -5.99382401e-01,
          -3.71593349e-02, 4.87106532e-01, 1.06594130e-01,
          -4.63635504e-01, -1.51839650e+00, -1.55284297e+00,
          -1.62412107e+00, -4.34227318e-01, -1.02971363e+00,
          -1.17406154e+00, -1.73607242e+00, -1.05313456e+00,
          -1.19315422e+00, -1.06565344e+00, -1.51514184e+00,
          -2.58946872e+00, -2.47967315e+00, 9.47577655e-01,
          -1.87541962e-01, -1.79818422e-01, -8.86941612e-01,
          -1.90634623e-01, 1.39463544e+00, -6.64299190e-01,
          -1.55647624e+00, -1.29923034e+00, -5.81980348e-01,
          8.93758118e-01, -1.56520307e+00, -1.36063039e+00,
          -2.41565466e-01, 3.70253921e-01, 1.32328615e-01,
          -2.18357965e-02, -8.66137803e-01, -1.62551343e-03,
          1.26963985e+00, 5.93450367e-01, 1.06459570e+00,
          -1.98525533e-01, -9.97709274e-01, 1.57678688e+00,
          1.00824368e+00, 4.18631762e-01, -2.44429000e-02,
          -7.56209254e-01, -8.93779039e-01, -1.50198281e-01,
          -2.66032904e-01, -1.29509807e+00, -1.44202316e+00,
          -1.08024406e+00, 1.12157643e+00, -4.50300127e-01,
          -1.06993711e+00, -1.04053259e+00, -3.36350501e-01,
          2.74119914e-01, 8.60422492e-01, -6.10874653e-01,
          -7.88308859e-01, 2.46502981e-02, 5.81308007e-01,
          1.55143902e-01, 3.85824859e-01, -4.28692520e-01,
          -1.00738414e-01, -1.13269627e+00, 3.31126481e-01,
          1.57415271e-01, 1.36649489e+00, 1.47862121e-01,
          -7.98597813e-01, -1.86516091e-01, 8.88949633e-01,
          -4.52814370e-01, -1.67753458e+00, 2.55806470e+00,
          4.47852701e-01, 8.47163618e-01, 8.44213843e-01, 7.63113558e-01,
          2.00519729e+00, -1.82558560e+00, -1.80697531e-01,
          9.69464660e-01, -2.70857841e-01, -1.48531449e+00,
          -7.25205898e-01, 8.35977018e-01, 9.09444988e-01,
          1.12180531e+00, -2.09496096e-01, 1.29214180e+00,
          1.10118818e+00, -1.48438704e+00, -8.95407975e-01,
          4.13594818e+00, 2.84563565e+00, 4.12413478e-01, 2.88070738e-01,
          1.66303754e+00, -1.03336906e+00, -1.16811097e-01,
          -9.92873788e-01, -5.52783191e-01, 1.27295935e+00,
          1.72615325e+00, -4.82978582e-01, 2.94556409e-01,
          -6.23211861e-02, 1.59716618e+00, -3.33049083e+00,
          -1.71307600e+00, -1.17905915e+00, -1.18201673e+00,
          -2.61956859e+00, -2.35876513e+00, -1.72563314e+00,
          -1.94135725e+00, -2.75488520e+00, 5.36552109e-02,
          -1.70872796e+00, -1.07365131e+00, 2.08074307e+00,
          1.30272353e+00, -3.01096678e-01, 2.11543965e+00,
          3.49741840e+00, 1.57275772e+00, -1.53415665e-01,
          -3.31445742e+00, 4.86613369e+00, 2.78480697e+00,
          1.59705222e+00, -1.08344626e+00, 9.16920528e-02,
          4.08550262e+00, 2.85401034e+00, 1.64679706e+00, 1.04803753e+00,
          1.75803792e+00, -9.44700837e-01, -1.01470459e+00,
          2.58811164e+00, 6.00829124e-01, 7.40287185e-01,
          -2.83165264e+00, 1.24418962e+00, 3.01773995e-01,
          1.62242126e+00, 2.99834633e+00, -1.68999898e+00,
          2.14917231e+00, 2.93465137e+00, -1.58200657e+00,
          8.08296502e-01, -1.75906792e-02, 6.67536557e-01,
          2.43156880e-01, 6.03735626e-01, -5.08443117e-01,
          -8.19033980e-01, 1.89293957e+00, 2.24000752e-01,
          -6.00197494e-01, -8.36871028e-01, -5.07815659e-01,
          5.26740670e-01, 2.83111006e-01, 6.96545541e-01, 1.71185875e+00,
          -1.12264740e+00, -1.45209038e+00, -1.25323999e+00,
          -7.25942552e-01, -6.49183810e-01, -9.36612189e-01,
          -1.70241177e+00, 4.60111529e-01, 8.62356246e-01,
          6.77152693e-01, 2.80911613e+00, -1.49558854e+00,
          -1.19448841e+00, -8.95651817e-01, 2.99389791e+00,
          -3.79896116e+00, -3.31931734e+00, -3.57807374e+00,
          -3.20248914e+00, -5.89083254e-01, -2.26724005e+00,
          -3.75171924e+00, -5.55578804e+00, -4.99636173e+00,
          -2.25254703e+00, -6.86447859e-01, -1.07100725e+00,
          -1.52619588e+00, -7.95692801e-01, 1.31101704e+00,
          -4.96131808e-01, 3.49905282e-01, 1.62934995e+00,
          1.47061801e+00, 5.27663112e-01, -1.15955389e+00,
          1.14705980e+00, -1.10653973e+00, -1.75004745e+00,
          -1.33970237e+00, -3.30460310e+00, 4.17367840e+00,
          3.81621909e+00, 1.04587056e-01, -1.74450970e+00,
          -2.95470619e+00, 5.30490994e-01, 1.39623439e+00,
          3.60943007e+00, 9.32623267e-01, 2.37291718e+00,
          -8.97457600e-01, -6.50475502e-01, 4.59011719e-02,
          1.27917901e-01, 2.34525514e+00, 3.10746956e+00, 5.68681598e-01,
          2.62720287e-01, 2.04802585e+00, 8.67724121e-01, 2.39990115e-01,
          -1.53947070e-01, 1.62332368e+00, 5.69407463e-01,
          9.40420389e-01, 1.18693769e+00, -7.66666889e-01,
          2.16871038e-01, 2.39925191e-01, -1.25645769e+00,
          3.38671058e-01, 1.25996912e+00, -1.05243158e+00,
          -9.98179376e-01, -1.70736694e+00, -3.14590186e-01,
          1.22391582e-02, 1.36721492e+00, 7.54073024e-01,
          -1.81875074e+00, -6.49089143e-02, 5.25515452e-02,
          3.64565551e-01, -1.97842622e+00, 1.19459641e+00,
          7.35710263e-01, 7.90508091e-01, 7.67508805e-01, 4.59746927e-01,
          2.16310215e+00, 5.37618399e-01, 8.23263705e-01, 1.39122319e+00,
          3.00564861e+00, 1.54284608e+00, -4.93009575e-02,
          4.13081229e-01, 1.43027067e-01, 1.92527962e+00,
          -3.35276461e+00, -1.85907412e+00, -5.77759027e-01,
          -3.33495508e-03, 1.35621333e+00, -3.98800039e+00,
          -9.99851406e-01, -6.78066611e-01, -9.00132209e-02,
          3.38161290e-01, -2.38045287e+00, 1.74298137e-01,
          -9.74361241e-01, 3.89914691e-01, 6.40515387e-01,
          7.53716767e-01, 5.71088910e-01, -1.14953053e+00,
          -5.00532568e-01, -8.65798533e-01, 3.34476185e+00,
          3.47386390e-01, 9.65721789e-04, -5.80064468e-02,
          -1.90355515e+00, 1.74234912e-01, -4.71420467e-01,
          5.45733273e-01, 5.50284386e-01, -1.29618227e+00,
          1.18093061e+00, 7.80477345e-01, 4.19877112e-01, 1.21394920e+00,
          -4.63886678e-01, 2.83196419e-01, 6.83221161e-01,
          1.92783403e+00, 1.15666056e+00, 7.28551447e-01,
          -2.35441732e+00, 1.43637443e+00, 6.03763163e-01,
          1.45015860e+00, 1.12508237e+00, -1.85418582e+00,
          -1.47185791e-02, -7.22313762e-01, -6.20026477e-02,
          4.73952711e-01, -1.73654354e+00, 6.17737591e-01,
          -1.38458073e+00, -1.12052548e+00, -9.72568572e-01,
          1.38676465e+00, -8.82481784e-02, -1.31840992e+00,
          -1.78159440e+00, -3.17389894e+00, 3.06379890e+00,
          -9.14701343e-01, -1.11655307e+00, -1.88406706e+00,
          5.91206551e-01, 1.39264691e+00, 8.47705305e-01, 7.86148235e-02,
          2.68910259e-01, 9.99946177e-01, -1.09275162e+00,
          1.59962797e+00, 5.49264133e-01, -1.52743220e+00,
          -3.65045285e+00, 2.00410530e-01, 8.18183839e-01,
          6.80094719e-01, 7.76882395e-02, -1.46974623e+00,
          -6.58899188e-01, 3.57488602e-01, 9.38228428e-01,
          1.18361402e+00, 5.08348882e-01, 8.24893862e-02,
          -4.13624905e-02, 1.04124449e-01, 3.95707101e-01,
          -3.78340155e-01, 8.59485686e-01, 2.25557232e+00,
          2.31240726e+00, 1.98317027e+00, 6.40949309e-01, 3.51680815e-01,
          4.86887962e-01, 8.61073136e-01, 1.02893281e+00, 3.77579153e-01,
          3.05991676e-02, -7.68646955e-01, -1.35923409e+00,
          -1.46896791e+00, -6.34997666e-01, 4.46032584e-01,
          -1.08119957e-01, 5.83321303e-02, 4.88912433e-01,
          5.19792140e-01, -1.38588578e-01, 1.67958751e-01,
          5.14363706e-01, 6.92317724e-01, 1.45965803e+00,
          -7.23101616e-01, 7.58500278e-01, -2.19600630e+00,
          -7.91575730e-01, 1.67979121e+00, 5.40460587e-01,
          2.31937504e+00, 8.34577262e-01, -4.36820149e-01,
          -1.32442266e-01, 3.25892782e+00, 3.75395274e+00,
          1.16515982e+00, -6.61443889e-01, -4.03477848e-01,
          3.59029341e+00, 3.25485468e+00, -5.04854620e-01,
          -2.11707377e+00, -1.80545688e+00, 4.25159454e+00,
          1.84281397e+00, 7.70410895e-01, -1.84247804e+00,
          -3.56927252e+00, 3.86219859e-01, 1.30433846e+00,
          2.54429430e-01, -1.78934228e+00, -2.23212051e+00,
          -1.11884975e+00, -1.78505027e+00, -1.37227464e+00,
          -8.80953491e-01, -1.55163383e+00, -1.25969023e-01,
          -1.13721693e+00, -1.54988778e+00, 3.18266213e-01,
          2.59402275e-01, -7.79387772e-01, -2.72563845e-01,
          8.95951509e-01, 1.34593457e-01, 7.26145148e-01, 5.92538714e-01,
          -1.37658045e-01, -1.33546472e-01, -1.00149088e-01,
          -3.20633590e-01, -4.11932945e-01, -6.98105574e-01,
          -6.38773084e-01, -5.22917688e-01, -1.73579276e+00,
          -1.44085658e+00, -7.44369328e-01, -6.19359374e-01,
          -4.12416607e-01, -2.82456088e+00, -1.10921097e+00,
          -3.78662527e-01, -7.67472446e-01, -4.44868624e-01,
          -1.93552637e+00, -9.04591024e-01, 2.82975614e-01,
          -1.00631106e+00, -7.28317916e-01, -1.14001489e+00,
          -1.04955578e+00, 5.29085934e-01, -7.88424909e-01,
          -2.16697916e-01, -1.21009243e+00, -1.83421874e+00,
          4.96000275e-02, -1.17873824e+00, -6.02138340e-01,
          -1.51264381e+00, -1.68239164e+00, 1.02951035e-01,
          -8.17605078e-01, -4.06490266e-01, -1.63695884e+00,
          -1.16068923e+00, 8.32851976e-02, -1.01244915e+00,
          -9.05896723e-01, -1.55951416e+00, 4.29476053e-01,
          -8.40661228e-01, -9.06072497e-01, -8.59587371e-01,
          -8.12561929e-01, -6.07808411e-01, -3.74108106e-01,
          -8.78439546e-02, -8.24447751e-01, -1.17261386e+00,
          3.13966960e-01, 7.34704971e-01, -1.65131181e-01,
          -9.86705840e-01, -1.28271747e+00, 3.86908770e-01,
          4.56634760e-01, -1.45629808e-01, -5.81988335e-01,
          -6.91069245e-01, 4.95986968e-01, 1.55085313e+00,
          1.25568008e+00, 5.29015779e-01, 6.57561541e-01, 1.08989418e+00,
          1.27833462e+00, 8.70621800e-01, 5.69183409e-01, 1.02324808e+00,
          1.91431984e-01, 2.01432094e-01, 9.58150744e-01, 7.52262473e-01,
          3.33974421e-01, -3.46479952e-01, -1.22796044e-01,
          1.24119438e-01, -2.34013140e-01, -3.31698775e-01,
          -9.07399595e-01, -2.09669054e-01, 8.37338716e-02,
          1.79142371e-01, -9.22560871e-01, 8.20179045e-01,
          -7.38713205e-01, -1.74474907e+00, -1.64028907e+00,
          -1.05546303e-01, 7.50906944e-01, -6.58895254e-01,
          -7.45316386e-01, -5.34990072e-01, 9.37174261e-01,
          9.31386769e-01, -2.48698130e-01, -8.44681501e-01,
          -7.90230811e-01, -4.08859521e-01, -2.28144210e-02,
          -4.14742976e-02, -3.32406640e-01, -2.34051064e-01,
          -4.81722057e-01, -2.27775216e-01, 9.86354277e-02,
          3.34559008e-02, 3.32779586e-01, 6.56580850e-02, 4.87560183e-01,
          1.30074692e+00, 1.17554903e+00, 1.14770532e+00, 7.67140090e-01,
          -1.74352303e-01, 3.73527855e-02, -8.17648768e-02,
          -7.74641037e-02, 2.43930593e-01, -5.63606381e-01,
          -3.90902817e-01, -4.26817030e-01, -2.88793951e-01,
          -3.44172388e-01, -7.66035080e-01, -1.57858622e+00,
          -1.65968072e+00, -1.44564331e+00, -5.25534034e-01,
          1.19101667e+00, 2.27441952e-01, -3.39968354e-01,
          -7.47449636e-01, -1.32195401e+00, 1.00559004e-01,
          8.55363071e-01, 1.01543748e+00, 5.17533243e-01,
          -9.66418326e-01, 2.93246031e-01, 2.25204363e-01,
          2.49337599e-01, 1.16290843e+00, 8.79319429e-01, 9.09757018e-01,
          4.77581531e-01, 2.19991431e-01, 2.34446265e-02, 1.15388468e-01,
          7.02585578e-01, 1.13833582e+00, 8.72763872e-01, 5.19036770e-01,
          2.06364006e-01, 4.10192192e-01, 6.32479966e-01, 7.56234705e-01,
          4.59688932e-01, 3.51308763e-01, 1.24261998e-01, 6.98538780e-01,
          5.10677397e-01, 5.68537712e-02, -4.50869054e-02,
          -3.60974133e-01, -3.00825369e-02, 2.39526808e-01,
          -3.11796427e-01, -1.27999365e-01, -7.89022624e-01,
          -3.31797153e-01, -6.13795444e-02, -2.40103051e-01,
          -8.00181746e-01 ]
   Bias: !!opencv-matrix
      rows: 11
      cols: 1
      dt: f
      data: [ -2.04234624e+00, -2.87275934e+00, -1.36913860e+00,
          -1.95121515e+00, -2.75038671e+00, -2.43033242e+00,
          -9.12810206e-01, -1.56499624e+00, -3.00044346e+00,
          -2.65533686e+00, -9.26823974e-01 ]
