%YAML:1.0
CharRecognition:
   TrainSize: [ 16, 22 ]
   Labels: [ 0, 1, 2, 3, 4, 5, 6, 7, 8, 9, 99 ]
   Filter: !!opencv-matrix
      rows: 11
      cols: 280
      dt: f
      data: [ -1.27091289e+00, -1.05442393e+00, -1.82032180e+00,
          -1.52986574e+00, -1.03682816e+00, -1.16867948e+00,
          9.29244995e-01, -2.89019436e-01, -5.38002968e-01,
          -1.22340512e+00, -1.34173143e+00, 4.69142109e-01,
          -1.03266764e+00, 4.23180670e-01, 7.12339804e-02,
          8.40203464e-02, -1.92940775e-02, -9.29717600e-01,
          8.62324476e-01, -5.95313072e-01, 3.72038215e-01,
          1.37106609e+00, -2.65610099e-01, 4.98328328e-01,
          -1.90763474e-01, 8.18707824e-01, -7.21023738e-01,
          8.37122202e-01, 2.22691035e+00, 3.73496652e-01, 6.86446786e-01,
          9.03803945e-01, 1.36016035e+00, -1.58417761e-01,
          1.45473516e+00, 9.22000527e-01, 8.52856755e-01, 1.70327413e+00,
          1.63159740e+00, 9.49925065e-01, 7.07719684e-01, 1.29103816e+00,
          1.87809579e-02, 4.29858029e-01, 1.31731188e+00, 1.59024954e+00,
          7.27808177e-01, 1.35047019e+00, 9.26047802e-01, 4.12968338e-01,
          -3.26285392e-01, -1.51800485e-02, 6.00247502e-01,
          7.54858404e-02, 1.10644841e+00, -2.87304111e-02,
          1.39763519e-01, -1.05525017e+00, -1.64003313e+00,
          -1.55905873e-01, -1.80965632e-01, 7.70531774e-01,
          -5.73547363e-01, -6.63920999e-01, -1.06221700e+00,
          -3.80605817e+00, -2.89147210e+00, -2.73121428e+00,
          -4.05708909e-01, 2.61455148e-01, 5.94164550e-01,
          -1.95263848e-01, -1.13736761e+00, -8.65075290e-01,
          -2.52052754e-01, 1.81459505e-02, 1.34849524e+00,
          3.10597229e+00, 6.83219492e-01, 2.63953626e-01,
          -3.09876174e-01, -6.42238796e-01, 1.88697338e-01,
          6.66686893e-01, 4.07184458e+00, 1.73728824e+00, 1.41918898e-01,
          -2.21386790e-01, 6.11335132e-03, 1.62330061e-01,
          1.13831472e+00, 2.84223604e+00, -1.04515195e+00,
          -1.52815747e+00, -8.34041834e-01, -9.57241237e-01,
          -1.24743044e+00, -2.17859060e-01, 3.64534140e-01,
          -2.67602038e+00, -2.12616658e+00, -1.44792616e+00,
          -2.34972739e+00, -2.63217402e+00, -1.16937518e+00,
          7.28699386e-01, -1.46921182e+00, -1.75753593e+00,
          -1.98375535e+00, -2.43665695e+00, -2.63375831e+00,
          -1.49707425e+00, 1.40660071e+00, 5.90828359e-02,
          7.13094056e-01, -6.61033750e-01, -1.40669572e+00,
          -1.72328579e+00, 7.66460121e-01, 2.54873371e+00,
          1.55698526e+00, 1.59268439e+00, 1.25396132e-01,
          -4.19574708e-01, 1.92897752e-01, 3.69467258e+00,
          1.60027790e+00, 1.51921093e+00, 6.95728362e-01,
          -2.23529413e-01, -9.11196619e-02, 1.83201683e+00,
          2.22593307e+00, 2.05997303e-01, 3.43301713e-01,
          -1.10082519e+00, -1.09863758e+00, 3.79270725e-02,
          4.48539943e-01, 1.31571126e+00, 5.84762812e-01, 2.08338842e-01,
          8.54769945e-02, 1.28637910e+00, 1.03172505e+00, 1.92370206e-01,
          1.22159839e+00, -1.22623849e+00, -6.73526585e-01,
          -1.28446922e-01, 3.00003320e-01, 4.01082247e-01,
          -6.56546772e-01, -6.25264585e-01, 1.27766848e+00,
          1.22567415e+00, 9.88140583e-01, 4.11329389e-01,
          -4.43655998e-01, -1.13902199e+00, -5.69140494e-01,
          1.97186637e+00, 6.12406194e-01, -1.31113636e+00,
          -2.41492462e+00, -2.34383583e+00, -2.29172444e+00,
          1.34179620e-02, 2.41931534e+00, 5.13730049e-01,
          -1.89116883e+00, -3.48560476e+00, -2.13473749e+00,
          -4.94885743e-01, 1.04067183e+00, 2.77699614e+00,
          7.20121980e-01, -2.62149191e+00, -3.70947099e+00,
          -2.05232692e+00, -9.83752757e-02, 4.29076999e-01,
          1.24578878e-01, -1.11923182e+00, -2.58725905e+00,
          -2.34935665e+00, -7.29373097e-01, 1.60805881e+00,
          2.54264879e+00, 1.89469859e-01, -4.34292436e-01,
          -1.51842341e-01, -2.42727742e-01, 4.31800663e-01,
          1.64282691e+00, 1.19593585e+00, 1.79600191e+00, 4.19946939e-01,
          4.12601084e-01, 7.50128746e-01, 8.23339164e-01, 1.35368562e+00,
          1.33584094e+00, 1.02408814e+00, 8.95021185e-02, 7.02180982e-01,
          7.85177112e-01, -3.42431664e-01, -1.04315959e-01,
          1.79485202e+00, 1.54539371e+00, 6.53799474e-01,
          -1.06120336e+00, -1.34920335e+00, -4.89934683e-02,
          -4.21040535e-01, -9.90018308e-01, 2.34239721e+00,
          1.16182375e+00, -6.65420413e-01, -8.54191422e-01,
          -5.25968313e-01, 1.26039469e+00, 6.57878041e-01,
          3.64033318e+00, 2.62767363e+00, 4.31176037e-01,
          -1.31867921e+00, 6.61135018e-01, -2.34991625e-01,
          1.37035143e+00, 1.96452677e+00, 7.89390266e-01, 1.23350453e+00,
          -7.76648462e-01, -1.16334927e+00, -1.61870205e+00,
          -2.67698348e-01, 6.91564262e-01, 1.74031049e-01,
          -3.26336443e-01, 1.22566164e+00, -6.98334336e-01,
          -4.21582222e+00, -2.82726431e+00, -1.31713986e+00,
          -1.79211593e+00, -1.06559277e+00, 2.93312222e-01,
          -1.25548446e+00, -2.76972795e+00, -1.67806613e+00,
          1.32674372e+00, -1.41172993e+00, -1.57559562e+00,
          3.81029636e-01, -5.64160645e-01, -1.22257686e+00,
          -2.19424739e-02, 2.72323728e+00, 1.74269766e-01,
          3.51084173e-01, 1.08284688e+00, 6.23819977e-02, 2.25017771e-01,
          8.45392525e-01, 2.99915457e+00, 2.09694529e+00, 8.68856430e-01,
          6.67348206e-01, 3.51531714e-01, 8.38978887e-01,
          -4.55724858e-02, 1.15472674e+00, 1.93922412e+00,
          -4.71777767e-01, 2.49775313e-02, 5.72328046e-02,
          -6.86552346e-01, -4.13267255e-01, 4.12285179e-01,
          4.02647667e-02, 7.47585297e-01, 1.42936301e+00,
          -3.26575875e-01, 6.16261005e-01, -8.72282758e-02,
          1.23110995e-01, 1.07570219e+00, 6.40843809e-01, 1.23341966e+00,
          -6.54628575e-01, 5.37519038e-01, -4.06418234e-01,
          -3.94562572e-01, 1.14016604e+00, 1.03628862e+00,
          1.32216191e+00, -1.18298221e+00, -1.94919661e-01,
          -6.97172999e-01, -1.26169169e+00, 3.52285534e-01,
          8.07837963e-01, 8.22325289e-01, -7.00447112e-02,
          7.10576415e-01, -2.23787084e-01, -6.93918228e-01,
          -3.02316365e-03, -5.91615081e-01, -2.39903972e-01,
          -1.92399636e-01, 1.00145221e+00, 3.33715469e-01,
          -1.19709396e+00, 2.82725632e-01, -7.05197811e-01,
          2.43672043e-01, -5.96310236e-02, 4.68374610e-01,
          9.36987698e-02, -2.62696058e-01, 5.63576758e-01,
          -3.66825044e-01, 7.84791350e-01, -7.14866877e-01,
          -3.70153375e-02, -4.71508324e-01, 5.38308322e-01,
          8.65485311e-01, 8.36917013e-02, 4.05305237e-01,
          -2.21042767e-01, -3.91182974e-02, -3.59348714e-01,
          7.82058001e-01, 1.17973483e+00, 9.68914986e-01, 2.61240900e-01,
          2.12416083e-01, 5.75957179e-01, 3.32933903e-01, 6.06668234e-01,
          -1.45329461e-01, 1.46032202e+00, -7.99534261e-01,
          -5.98473728e-01, 6.08915329e-01, 1.00367260e+00,
          -2.11392951e+00, -1.42909735e-02, 2.88233399e+00,
          1.88754356e+00, 9.50984750e-03, -8.81388597e-03,
          -8.96811262e-02, -1.75938427e+00, 2.52355605e-01,
          1.25885177e+00, 2.57981330e-01, -3.00460637e-01,
          -4.55796182e-01, 9.31510091e-01, -1.39031649e+00,
          3.65087926e-01, -6.82998538e-01, -1.90796661e+00,
          -8.58440816e-01, 6.19420946e-01, 7.89019823e-01,
          -3.23583931e-01, -7.25420177e-01, -1.55196023e+00,
          -1.81244254e+00, -3.33401293e-01, 6.97844744e-01,
          4.04748142e-01, -7.41523683e-01, -1.40485060e+00,
          -1.31701684e+00, -5.95915079e-01, 5.70079446e-01,
          2.21556842e-01, -1.47508502e+00, -8.93881917e-01,
          -1.40604287e-01, -2.60926783e-01, 1.25603482e-01,
          -2.10969046e-01, -5.36152303e-01, -1.40943503e+00,
          -5.02788007e-01, -1.09939420e+00, -1.21801019e+00,
          -9.73948240e-01, -6.01399578e-02, -3.66591901e-01,
          -1.23558664e+00, -2.36131740e+00, -2.09685349e+00,
          -1.23899245e+00, 2.92636901e-01, -7.46393740e-01,
          -8.32456231e-01, -7.41471648e-01, -1.58983934e+00,
          -1.36697125e+00, -1.89655051e-01, 5.38425505e-01,
          1.21842551e+00, -1.19496131e+00, -2.76407623e+00,
          -1.23709655e+00, 3.87515388e-02, 9.49589789e-01,
          2.93824482e+00, 1.12527335e+00, -1.78984654e+00,
          -3.04719543e+00, 4.16522294e-01, -3.06977332e-01,
          -8.69983494e-01, -4.17884231e-01, -1.18622631e-01,
          1.48663878e+00, 1.80886424e+00, 2.38964915e-01, 2.68957257e-01,
          5.83621383e-01, 4.22447085e-01, 7.11738527e-01, 1.57848227e+00,
          1.42936921e+00, -1.76120237e-01, -2.93593436e-01,
          -1.18682611e+00, -1.18998742e+00, -1.15678334e+00,
          -5.00702620e-01, -8.07060659e-01, -2.17505765e+00,
          -1.41291952e+00, -4.80544388e-01, -1.70305371e-01,
          -9.53565896e-01, -8.46605957e-01, -9.65012431e-01,
          -1.39684677e+00, -2.81871647e-01, 6.88055396e-01,
          9.39304888e-01, 1.40748054e-01, -5.78938782e-01,
          -4.22416925e-01, -1.00201666e+00, -2.98286259e-01,
          6.90955743e-02, 4.93139118e-01, -5.97230308e-02,
          -3.29742610e-01, -6.51827395e-01, -1.71551728e+00,
          -2.26244420e-01, -4.56427068e-01, 2.29215801e-01,
          -1.51332662e-01, -1.80610269e-01, -7.75461435e-01,
          -8.19088101e-01, -8.19332540e-01, -9.01786864e-01,
          -6.61867142e-01, -6.99623466e-01, -7.54438221e-01,
          -1.40315950e-01, -6.20233536e-01, -5.68816125e-01,
          -8.68626088e-02, 8.32139373e-01, 5.99327445e-01,
          2.57567883e-01, 1.89690366e-01, 6.33551419e-01, 6.24203503e-01,
          -8.90645802e-01, -2.05882818e-01, -2.02384457e-01,
          -7.72868320e-02, 8.76787364e-01, -7.61904895e-01,
          3.83944482e-01, 1.04584503e+00, 2.84513664e+00, 3.34795773e-01,
          -1.46418929e+00, -1.17005742e+00, -1.36904073e+00,
          -6.79678917e-01, 6.47259235e-01, 1.79353881e+00,
          1.31367719e+00, -1.89013982e+00, -1.12392354e+00,
          -5.23558974e-01, -1.23473215e+00, -4.30943936e-01,
          3.42361361e-01, -6.40344918e-01, -4.06539589e-01,
          -1.17934871e+00, 4.00227755e-02, -1.97470471e-01,
          -7.05184281e-01, -1.69468001e-02, 4.20330882e-01,
          -5.88296577e-02, -2.13117599e+00, -4.80112523e-01,
          1.10959686e-01, -4.57289517e-01, -2.57088214e-01,
          8.48097861e-01, 1.41315389e+00, -7.59121716e-01,
          6.57893896e-01, 5.34411967e-01, 1.35735482e-01,
          -4.59429353e-01, 1.11922872e+00, 8.33309948e-01,
          1.17836702e+00, -8.21320042e-02, 1.02155721e+00,
          4.93418396e-01, -6.67004466e-01, -4.60149080e-01,
          -2.08806261e-01, 1.03838611e+00, -1.69918621e+00,
          1.09458315e+00, 1.08002913e+00, -5.04211843e-01,
          -6.89366579e-01, -1.04501224e+00, -5.57612300e-01,
          -2.09433556e+00, -5.86173415e-01, 8.07010651e-01,
          4.78451788e-01, -9.07247603e-01, -9.74989951e-01,
          -1.88224420e-01, -1.07083499e+00, -9.80904639e-01,
          1.45378876e+00, 1.93098438e+00, -3.13218445e-01,
          -4.76282418e-01, -1.59612107e+00, -8.66369545e-01,
          4.32955205e-01, -5.55837154e-01, -3.46625984e-01,
          8.60675797e-02, 3.22115541e-01, 9.11552787e-01,
          -6.31451190e-01, 2.88151771e-01, -4.03822601e-01,
          -3.52939039e-01, 4.18186486e-02, 1.78428173e-01,
          5.72895944e-01, -1.02404547e+00, 1.28644407e-01,
          -6.15106702e-01, -7.47291505e-01, -1.16088837e-01,
          7.76678696e-02, 6.13222122e-01, -1.30898011e+00,
          1.74941719e-01, -8.56988192e-01, -9.51529622e-01,
          3.90518904e-02, 3.40606540e-01, 1.05007231e+00,
          -6.63825452e-01, -6.46891166e-03, -9.58251357e-01,
          -1.29345238e+00, -3.79053831e-01, -3.46483916e-01,
          6.05204821e-01, -9.15653259e-02, 2.46174440e-01,
          -1.05638552e+00, -1.48131561e+00, -9.91523564e-01,
          -1.14624214e+00, -1.08040333e+00, 1.73135847e-01,
          3.94222260e-01, -5.10485291e-01, -1.39718926e+00,
          -1.34733856e+00, -1.36899173e+00, -2.40454483e+00,
          1.01486003e+00, 5.43517828e-01, 1.76676307e-02,
          -9.77981091e-01, -1.11065853e+00, -7.37399876e-01,
          -2.06349945e+00, 1.42386901e+00, 3.40486407e-01,
          2.27376461e-01, -6.28470778e-01, -7.61116147e-01,
          -5.22736199e-02, -5.97972453e-01, 9.27962601e-01,
          -2.47642443e-01, -2.33356267e-01, -7.01286793e-01,
          -5.43106496e-01, 1.05419986e-01, 1.04284513e+00,
          -4.12268579e-01, -1.18590213e-01, -4.37219560e-01,
          -1.03020930e+00, -5.87749004e-01, -2.89047267e-02,
          5.04363239e-01, -3.45166057e-01, -9.56436545e-02,
          -1.31867278e+00, -8.01346242e-01, -8.77251506e-01,
          -2.49278456e-01, 4.50358480e-01, -3.41594100e-01,
          -1.05928338e+00, -1.51493013e-01, -9.21867132e-01,
          -6.24547184e-01, -6.49435222e-01, -4.56514776e-01,
          1.25982076e-01, 6.85303688e-01, -6.06584072e-01,
          -8.05309862e-02, -1.10289387e-01, -6.63141072e-01,
          -1.24215394e-01, 1.31893456e+00, 1.52985358e+00,
          1.40423727e+00, 5.50677598e-01, -5.01317792e-02,
          -1.09506384e-01, -2.09165931e-01, 2.31703377e+00,
          1.89600122e+00, 7.14158237e-01, 1.02999961e+00, 6.29762173e-01,
          7.39045143e-01, 6.85821593e-01, 1.73122382e+00, 9.77141500e-01,
          1.50523889e+00, 7.69447505e-01, 9.18999493e-01, 1.07624924e+00,
          1.04583669e+00, 5.15237510e-01, 8.01252723e-01, 1.14544618e+00,
          1.34204555e+00, 1.03955948e+00, 1.17801748e-01, 8.03632379e-01,
          -2.86683857e-01, 5.77617466e-01, 1.70160925e+00,
          1.41614830e+00, -8.21083933e-02, 5.93834147e-02,
          -1.00172698e+00, -5.16382337e-01, -4.31411445e-01,
          1.94364145e-01, -2.81933367e-01, -4.92127836e-01,
          -1.10699654e+00, -2.74896711e-01, 2.79841870e-01,
          6.32358968e-01, 7.55183220e-01, 3.10007721e-01, 1.22857042e-01,
          4.28584171e-03, 7.09418297e-01, -1.83756426e-01,
          1.40167966e-01, 1.14405274e-01, 3.32727820e-01, 1.02195531e-01,
          1.89778358e-01, 8.09516907e-01, -2.07108721e-01,
          3.20861995e-01, 4.09554571e-01, 3.02616686e-01, 1.98090270e-01,
          -2.99274355e-01, 1.32473573e-01, -6.64788485e-01,
          1.32044971e-01, -6.72629029e-02, -2.27393597e-01,
          -3.12969506e-01, -7.97260821e-01, -2.96504617e-01,
          4.83116418e-01, 7.28240550e-01, 3.55783612e-01, 1.70603961e-01,
          -3.68863642e-02, -2.42027789e-01, -5.02880692e-01,
          1.10314453e+00, 5.66681266e-01, -5.92639923e-01,
          -7.05954850e-01, -7.27089047e-01, -8.14994633e-01,
          -1.06553304e+00, 3.35180521e-01, 1.73173361e-02,
          -6.69279277e-01, -5.34350798e-02, 1.41050428e-01,
          7.07688093e-01, 5.89989781e-01, -1.55788481e-01,
          1.77395284e-01, 1.25768077e+00, 1.86643732e+00, 2.07951188e+00,
          1.83874285e+00, 1.01801848e+00, 8.30471218e-01, 3.85751933e-01,
          5.74366570e-01, 1.06546164e+00, 1.54123044e+00, 1.00007176e+00,
          -4.69212651e-01, 1.61447334e+00, 2.84373224e-01,
          7.56960586e-02, 2.03390747e-01, 4.39395845e-01, 1.02535045e+00,
          8.99260163e-01, 2.91865617e-01, 3.66013855e-01, 4.68509525e-01,
          5.44658720e-01, 8.80500019e-01, 6.95290744e-01, 1.27855003e+00,
          3.11900824e-01, -2.03208160e-02, 1.47806644e-01,
          6.51373506e-01, 1.87945199e+00, 1.72394049e+00, 7.65104651e-01,
          -1.65605210e-02, -5.98122895e-01, -1.46827191e-01,
          3.83669972e-01, 6.77091420e-01, 1.36818421e+00, 6.94533169e-01,
          -4.86067832e-01, -6.96289018e-02, -6.87345788e-02,
          1.94938444e-02, 6.03709698e-01, 3.09340894e-01, 9.55543339e-01,
          -2.96009332e-01, -8.10957491e-01, 2.65763521e-01,
          -1.01562224e-01, 9.95860919e-02, -4.84930098e-01,
          -2.18894571e-01, 7.46931791e-01, 4.77654524e-02,
          3.12269777e-01, 6.80418730e-01, 1.36821210e-01,
          -6.35334730e-01, -1.79007113e-01, 9.07579541e-01,
          8.94092262e-01, 4.55331802e-01, -7.28077292e-02,
          -9.45988059e-01, -1.07029879e+00, -1.40718833e-01,
          8.07944775e-01, 1.02016997e+00, 9.57131505e-01,
          -2.69581854e-01, -1.39035499e+00, -1.17576063e+00,
          -3.10385287e-01, -4.34828132e-01, 1.99314192e-01,
          4.05646503e-01, -1.22575009e+00, -1.77159071e+00,
          -4.19795811e-01, 6.31131902e-02, 9.67412144e-02,
          -4.36406583e-01, -3.59480888e-01, -1.24400489e-01,
          -5.99558413e-01, 3.25599492e-01, 6.43626392e-01,
          8.85750532e-01, 2.50557780e-01, 1.37912273e-01,
          -1.12352860e+00, 3.28030676e-01, 5.30216932e-01,
          -8.98291588e-01, -7.21120119e-01, -7.67242312e-01,
          -3.52055490e-01, -5.86080730e-01, 1.27845395e+00,
          1.23549080e+00, -4.47100043e-01, -1.75536382e+00,
          -8.46033037e-01, -3.36886883e-01, -5.93976974e-01,
          9.11860228e-01, 1.00126457e+00, 1.32849425e-01,
          -2.30211067e+00, -7.27450669e-01, 1.53968692e-01,
          -7.92243123e-01, 4.59517360e-01, 1.06236778e-01,
          6.38524592e-01, -1.67541564e+00, -1.71905696e-01,
          1.00820512e-02, -7.25389004e-01, 3.21879864e-01,
          5.26833236e-01, 6.56581342e-01, -9.51415479e-01,
          6.67739809e-01, -2.39259109e-01, -1.07701325e+00,
          -2.73720145e-01, 5.81751287e-01, 7.14732885e-01,
          2.10100953e-02, 4.78762954e-01, -6.96040332e-01,
          -1.23238695e+00, -1.31575644e+00, -4.09885138e-01,
          1.22264206e+00, -1.89089388e-01, 3.24076593e-01,
          -9.37028706e-01, -1.02927125e+00, -9.91232693e-01,
          1.68920755e-01, 9.70048547e-01, -3.56151611e-01,
          3.88856858e-01, -4.63599205e-01, -1.03533149e+00,
          -1.05114508e+00, -1.62741020e-02, 3.22894193e-02,
          -9.25652981e-02, 9.57520247e-01, 7.72994041e-01,
          -1.74965188e-01, -5.17752767e-01, 2.02663496e-01,
          -3.26871991e-01, -5.69074571e-01, -9.46471334e-01,
          -1.48765182e+00, -7.67184913e-01, -2.37457797e-01,
          -8.69027913e-01, -1.86249629e-01, -5.41456282e-01,
          -1.11806750e+00, -1.24748886e+00, 3.31916630e-01,
          1.00843477e+00, 5.11940360e-01, -1.77241170e+00,
          -4.95108396e-01, -9.06905293e-01, -8.03607047e-01,
          9.21794057e-01, 1.39230597e+00, 1.31791055e+00,
          -2.88651377e-01, -1.08286297e+00, -1.27721512e+00,
          1.96800977e-01, 1.06690919e+00, 2.83075619e+00, 2.02065206e+00,
          1.39498746e+00, -3.19161272e+00, -2.27688861e+00,
          -4.48213130e-01, 6.86730623e-01, 1.31526339e+00,
          1.61932158e+00, 2.12744021e+00, -2.96863723e+00,
          -2.29461455e+00, -3.79681021e-01, -9.39261496e-01,
          1.32768440e+00, 1.33360648e+00, 1.77562511e+00,
          -1.63779581e+00, -1.54702115e+00, -2.27526259e+00,
          -1.21482241e+00, -4.08542231e-02, 6.55337811e-01,
          7.27106810e-01, 4.67757642e-01, -1.08748198e+00,
          -2.08243251e+00, -8.81253064e-01, 7.92002380e-01,
          2.03827024e+00, 1.27869892e+00, 1.41025603e+00,
          -8.10825288e-01, -1.74813926e+00, 1.73781201e-01,
          4.24140781e-01, 1.00799274e+00, 1.62284374e+00,
          -1.94161952e-01, -7.11128712e-02, -2.86590010e-01,
          -1.61507249e-01, 1.26028228e+00, 1.42830729e+00,
          8.97500575e-01, 9.49882388e-01, 9.84018326e-01, 1.34224427e+00,
          8.07697058e-01, -3.41002107e-01, -5.89304686e-01,
          -8.78879368e-01, 1.08586989e-01, 2.21041292e-01,
          3.50673467e-01, -3.35818172e-01, -8.53085518e-01,
          -7.37487793e-01, -7.61269033e-01, 2.52885771e+00,
          1.79596579e+00, 1.00833941e+00, -6.32348061e-02,
          -1.43774402e+00, -8.06254447e-01, 3.47938776e-01,
          1.92290497e+00, 4.24266100e-01, -2.55753994e-01,
          -6.80897772e-01, -1.23087823e+00, -2.44504347e-01,
          8.10765803e-01, 3.81427735e-01, -1.91448510e-01,
          1.74500644e-01, 6.63911551e-02, 6.91836715e-01, 6.66425049e-01,
          9.89454448e-01, -7.41332173e-01, -4.54172850e-01,
          1.69021964e-01, 5.62259793e-01, 1.25280046e+00, 5.95071614e-01,
          1.14612448e+00, 1.12234199e+00, 1.51126647e+00, 1.36360693e+00,
          9.80232894e-01, 2.95843869e-01, -4.13001701e-02,
          -4.88347262e-01, 1.00189853e+00, 8.62457335e-01,
          4.57656741e-01, 3.73624593e-01, 8.36604927e-03,
          -9.71279889e-02, -3.14030260e-01, 1.41227508e+00,
          8.37201774e-01, 9.16459337e-02, 6.31848797e-02,
          -1.52467757e-01, 2.42713422e-01, 4.66907650e-01,
          7.91291714e-01, 6.16231322e-01, -2.04185918e-02,
          -2.22926382e-02, 6.61457777e-01, 8.47353399e-01,
          3.04707944e-01, 1.87060609e-01, -9.61129427e-01,
          -6.79169595e-01, 7.97771931e-01, 1.94724905e+00,
          1.03045106e+00, 6.35216892e-01, -9.19622853e-02,
          -1.59962082e+00, -1.48555446e+00, 6.94912851e-01,
          1.74718440e+00, 2.04152918e+00, -3.92146528e-01,
          1.80931583e-01, -9.77954805e-01, -1.99600267e+00,
          -4.00588244e-01, 5.68762183e-01, 3.07469875e-01,
          -6.83828294e-02, -9.55949008e-01, -9.45774078e-01,
          -1.50823069e+00, -1.05751383e+00, -4.37372804e-01,
          1.66921511e-01, 5.12078047e-01, -1.32945263e+00,
          -1.09922242e+00, 4.66139242e-02, 5.65782905e-01,
          -9.91402626e-01, 4.25041318e-01, 1.86425006e+00,
          -2.25503445e+00, -6.64444089e-01, 6.46013260e-01,
          1.65875804e+00, 1.77424526e+00, 9.77187872e-01, 2.42143202e+00,
          -6.94926023e-01, -3.98463219e-01, 3.58959436e-01,
          1.37134457e+00, 2.45987320e+00, 1.79515052e+00, 2.04092383e-01,
          6.96908310e-02, -9.78979409e-01, 9.43818316e-02,
          1.25791085e+00, 1.79635847e+00, 1.09260988e+00,
          -1.42627463e-01, 8.27752471e-01, -8.96596014e-01,
          -5.59454918e-01, 7.43379354e-01, 1.00612795e+00,
          3.61340076e-01, 4.22032833e-01, 3.60882163e-01,
          -1.17867455e-01, -2.83552229e-01, -8.73757243e-01,
          -4.95394945e-01, 1.36568174e-01, -1.63661987e-01,
          -2.07825646e-01, 6.97222769e-01, -4.58388068e-02,
          -5.55873930e-01, -5.23782253e-01, -4.96658653e-01,
          3.87879834e-03, -8.18131089e-01, 1.99627995e-01,
          -3.06517303e-01, -1.04638755e+00, -7.57349133e-01,
          -9.89195853e-02, 4.08573180e-01, -1.35911608e+00,
          -3.21532637e-01, -1.22607946e+00, -1.60787714e+00,
          -3.53508621e-01, 9.56033885e-01, 1.09309721e+00,
          3.53102237e-01, 1.13266438e-01, -7.44220734e-01,
          -3.87547672e-01, 5.70711315e-01, 1.29929590e+00,
          1.19673455e+00, 1.34072030e+00, 2.68560231e-01, 4.88564998e-01,
          8.37722242e-01, 5.64805627e-01, 4.01620001e-01, 7.63921663e-02,
          1.22704244e+00, 2.80103683e-01, 8.96641672e-01, 1.35730243e+00,
          7.06976533e-01, 2.72748675e-02, -9.30485904e-01,
          1.34183002e+00, 5.32033801e-01, 9.41146493e-01, 1.23001993e+00,
          6.27041399e-01, -2.05844734e-02, 3.01346090e-03,
          -1.40222698e-01, -8.12380388e-02, 2.51161665e-01,
          9.88024533e-01, 6.45494699e-01, -2.97295570e-01,
          2.84819573e-01, -8.43523502e-01, -1.17830873e+00,
          -1.01626599e+00, -1.99247882e-01, 4.15902853e-01,
          3.79172862e-02, 9.60437655e-01, -8.76135767e-01,
          -1.02031887e+00, -1.50754011e+00, -1.42503691e+00,
          -7.12881446e-01, 6.60149336e-01, 2.09361982e+00,
          -6.85864747e-01, 3.74642491e-01, 2.45384544e-01,
          1.34605086e+00, 5.78614593e-01, 9.09073353e-01, 3.95397276e-01,
          -5.80842555e-01, -3.34479302e-01, 3.76124769e-01,
          -7.72557110e-02, -1.63430087e-02, 1.15513779e-01,
          -2.03359827e-01, 6.21104538e-01, 5.84992945e-01,
          3.84985387e-01, -6.03913128e-01, -3.10541213e-01,
          -2.67737269e-01, -2.22980246e-01, 6.14971638e-01,
          8.61458719e-01, 4.65997100e-01, 4.07007635e-01, 7.05240369e-02,
          -3.72837037e-01, -9.45533037e-01, 1.22614956e+00,
          1.12839961e+00, 1.82602501e+00, 1.23372853e+00, 1.26369810e+00,
          -1.62680075e-01, -9.69394147e-01, 3.93124998e-01,
          1.25066733e+00, 2.01918745e+00, 2.66073847e+00, 1.51872301e+00,
          -7.40315318e-01, -6.19946301e-01, 9.48785067e-01,
          3.87205124e-01, 1.12507236e+00, 1.42160451e+00, 2.57119268e-01,
          -9.00461450e-02, 7.25248531e-02, -3.37466300e-01,
          -7.70712197e-01, 5.71074896e-02, -9.15224552e-01,
          -2.75513858e-01, -5.47207355e-01, 2.59989232e-01,
          -2.83274561e-01, -1.11005282e+00, -8.62701416e-01,
          -9.09499645e-01, -7.62391627e-01, -6.35536730e-01,
          -1.25652790e-01, -2.74337023e-01, -8.96205306e-01,
          -1.16208422e+00, -1.01693618e+00, -1.26891351e+00,
          -5.03636956e-01, -4.44688678e-01, -1.07642472e+00,
          -1.24256992e+00, -7.67259479e-01, -2.59283572e-01,
          -1.26825392e-01, 1.48766592e-01, 6.70135260e-01,
          -8.88863057e-02, -7.94262409e-01, -6.05349839e-01,
          -3.50438684e-01, -3.27753365e-01, -9.70268250e-03,
          4.14853781e-01, -1.24447930e+00, -1.70255423e+00,
          -2.20945287e+00, -2.10527277e+00, -2.01851273e+00,
          -5.60259223e-01, -8.97444427e-01, -5.49404085e-01,
          -1.47167397e+00, -2.02073288e+00, -1.42803395e+00,
          -1.51953423e+00, -4.99358207e-01, -6.88687086e-01,
          2.45055467e-01, -2.05261096e-01, -2.39435434e-01,
          -1.79566309e-01, -3.07990640e-01, 2.92924315e-01,
          2.05117613e-01, 3.25949609e-01, 3.82104754e-01, 5.93204916e-01,
          4.75073010e-01, 4.65034038e-01, 9.72704947e-01, 1.42376745e+00,
          3.45099092e-01, 3.41825277e-01, 4.66301918e-01, 1.66135982e-01,
          1.84128322e-02, 2.10493490e-01, 8.60326409e-01, 1.94521773e+00,
          1.37907052e+00, 1.10525501e+00, 9.62133765e-01,
          -7.96068385e-02, -2.88450420e-01, 1.80796564e-01,
          1.51985705e+00, 1.54364312e+00, 1.34583735e+00, 9.91289437e-01,
          9.84578729e-02, -7.75111616e-01, -5.98679185e-01,
          -1.32346833e-02, -5.01725435e-01, -1.09733987e+00,
          -9.23393786e-01, -1.01523376e+00, -6.02878988e-01,
          9.67603326e-01, -6.69496000e-01, -3.39140207e-01,
          3.47343087e-01, 4.41710874e-02, 6.08821988e-01, 2.15569407e-01,
          4.37819898e-01, -9.44579959e-01, -8.11798498e-02,
          4.22556162e-01, 1.44372761e-01, 5.23341149e-02, 3.31054360e-01,
          5.24747729e-01, -4.32136744e-01, 1.40640214e-01,
          1.69606924e-01, 3.58385444e-01, -3.00541401e-01,
          -5.19269481e-02, 3.62468094e-01, -2.27841120e-02,
          8.65411878e-01, 7.57254601e-01, 1.71885237e-01,
          -1.80520907e-01, -4.70110118e-01, -1.59542397e-01,
          -1.16255775e-01, 2.76438028e-01, 1.13022244e+00,
          3.66063923e-01, 3.90324853e-02, -8.77700150e-01,
          -6.47467315e-01, 1.24882750e-01, 2.17135221e-01,
          4.84393537e-01, 2.97693443e-02, -2.74264395e-01,
          -7.91495621e-01, -2.86068648e-01, 1.03735721e+00,
          2.03508347e-01, -3.88935924e-01, -5.44913888e-01,
          -2.92586386e-01, -9.55592841e-02, -1.97671011e-01,
          1.26928496e+00, 1.05708826e+00, -1.77802742e-01,
          -6.17177308e-01, 4.24694628e-01, 4.87557352e-01,
          1.42688736e-01, 2.05957502e-01, 2.63213396e-01, 5.18199444e-01,
          3.91752183e-01, 8.73539031e-01, 4.93588030e-01, 4.36553508e-01,
          -1.07530463e+00, -9.44668174e-01, -3.64891082e-01,
          -2.32782617e-01, 2.99178362e-01, 4.91886854e-01,
          3.86306018e-01, 2.33148146e+00, 8.75793934e-01, 3.61811727e-01,
          4.62733924e-01, 5.74742377e-01, 1.20386374e+00, 6.00157142e-01,
          1.18203163e+00, 8.08838964e-01, 1.14776278e+00, 7.52418280e-01,
          1.46697342e-01, 6.09998822e-01, -8.45451057e-01,
          1.32750404e+00, 7.98022449e-01, 1.58567393e+00, 8.64634216e-01,
          -5.47086060e-01, -4.63833302e-01, -1.96709323e+00,
          6.45722806e-01, 6.75933897e-01, 1.01884711e+00, 2.61855125e-01,
          -7.95516014e-01, -4.93032604e-01, -2.07880855e+00,
          -8.40254247e-01, -3.63462768e-03, -3.60031366e-01,
          -8.96989107e-02, -6.02739275e-01, -1.17069110e-01,
          -9.77343798e-01, -1.43799424e+00, -7.53612220e-01,
          -1.88934517e+00, -5.14964104e-01, -7.48968050e-02,
          3.73101085e-01, 3.29940528e-01, -2.57884073e+00,
          -1.15367007e+00, -1.57043028e+00, -4.29791093e-01,
          7.06622899e-01, 5.63155651e-01, 7.85276473e-01,
          -2.48817396e+00, -1.12758386e+00, -9.36523497e-01,
          -2.65217006e-01, 5.58227599e-01, 3.55745226e-01,
          4.19696063e-01, -1.56581247e+00, -7.82421291e-01,
          -4.39434767e-01, -2.58799464e-01, 2.78804600e-01,
          3.51802766e-01, 4.56437916e-01, -4.31882471e-01,
          4.02011424e-02, 1.90745249e-01, 2.05286779e-03, 1.08515680e-01,
          4.22611088e-01, -4.97751264e-03, 1.10121441e+00,
          6.87774420e-01, -6.67639747e-02, -4.50594693e-01,
          -1.39717329e-02, 5.74214697e-01, 1.51614153e+00,
          -4.82696705e-02, -1.50518179e-01, -5.02761245e-01,
          -5.88325799e-01, -4.33907658e-01, 6.76287860e-02,
          6.65025234e-01, -9.22684968e-01, -7.73878038e-01,
          -2.66256899e-01, -1.17607129e+00, -1.54544675e+00,
          -1.04393101e+00, -4.79616411e-02, -7.46851861e-01,
          -1.35735229e-01, -8.69814575e-01, -1.31460333e+00,
          -1.72973037e+00, -1.12589300e+00, -1.30154550e-01,
          1.28751444e-02, -4.20104772e-01, -9.68871236e-01,
          -9.69792247e-01, -1.10200322e+00, -5.67376316e-01,
          -7.68186152e-01, -1.20134437e+00, -4.27384317e-01,
          -4.64837015e-01, -4.07005876e-01, -6.87528431e-01,
          -1.38529348e+00, -1.00823867e+00, -2.08469018e-01,
          -7.16271043e-01, 4.00627851e-01, -3.85281593e-01,
          -5.10316193e-01, -4.98828918e-01, -3.37094128e-01,
          -9.01750326e-01, -2.22704992e-01, -1.74205989e-01,
          -3.94658118e-01, 4.17027146e-01, -1.48080094e-02,
          -6.46102667e-01, -1.13779776e-01, -1.15665626e-02,
          2.98912048e-01, 4.76057380e-01, 9.38793600e-01, 8.39677393e-01,
          -2.41215751e-02, -1.64635241e-01, -6.60665929e-02,
          7.29960322e-01, 8.93181086e-01, 8.09888124e-01, 4.51304018e-01,
          -2.97683984e-01, -5.10571063e-01, 1.34813622e-01,
          1.60610229e-01, 3.11683953e-01, 4.37728852e-01, 6.32914081e-02,
          8.18402827e-01, -3.26374859e-01, 1.84277296e-01,
          5.15881658e-01, 3.50588471e-01, -1.61409736e-01,
          3.05372268e-01, 4.83421355e-01, 4.74215418e-01, 1.97127891e+00,
          2.59627843e+00, 2.62412524e+00, 2.61579156e+00, 2.54312658e+00,
          1.56829798e+00, -4.36819404e-01, 9.08215523e-01,
          1.42497540e+00, 1.67638040e+00, 1.91676664e+00, 1.74877942e+00,
          1.38338304e+00, 3.23567182e-01, 9.33475673e-01, 1.73372900e+00,
          2.13113689e+00, 9.17728961e-01, 5.84295988e-01, 1.30341649e-01,
          8.13371062e-01, 1.01130211e+00, 1.51170504e+00, 1.42452765e+00,
          4.03316677e-01, 2.26220518e-01, 2.72036552e-01,
          -4.03716952e-01, -3.47982287e-01, -9.03253723e-03,
          -4.79716390e-01, -6.39320493e-01, -5.58039188e-01,
          3.63928765e-01, -1.26308358e+00, -4.43723619e-01,
          -8.51838440e-02, -5.73792458e-01, -2.79154360e-01,
          -1.38624445e-01, 6.58680022e-01, -1.59052300e+00,
          -4.47899938e-01, 1.54627010e-01, -7.16595352e-02,
          8.99104476e-02, -3.58884871e-01, 6.06399953e-01,
          7.31340945e-01, 7.68340051e-01, 9.68432724e-01, 4.22752947e-01,
          -1.65045187e-01, -9.09680247e-01, -8.60959649e-01,
          4.82411891e-01, 8.34359348e-01, 9.98462260e-01, 8.60802233e-01,
          -1.01187134e+00, -1.37813902e+00, -1.06677043e+00,
          -5.46695411e-01, 3.04689348e-01, 1.39121342e+00,
          5.53727448e-01, -8.25485051e-01, -1.68991590e+00,
          -8.78813922e-01, -6.10547841e-01, -3.96709353e-01,
          1.55245960e+00, 8.48389864e-01, -2.03385903e-03,
          -2.93358207e-01, -7.62823448e-02, 1.66287735e-01,
          3.14751565e-01, 2.22536638e-01, 2.99518585e-01, 3.84494305e-01,
          9.28366899e-01, 1.52928269e+00, 1.09236705e+00, 8.21011662e-01,
          -1.53835699e-01, -3.68074745e-01, 7.36933172e-01,
          1.45414591e+00, 1.13281929e+00, 7.01623201e-01, 8.43488991e-01,
          4.03219983e-02, 5.17388999e-01, 9.69869614e-01, 1.09266257e+00,
          1.44912794e-01, -3.29913288e-01, 4.68269736e-01,
          4.96285230e-01, 3.44338506e-01, 6.48470700e-01, 5.03055632e-01,
          -1.66317429e-02, -1.02390122e+00, -6.37791216e-01,
          -5.86789727e-01, -5.64438216e-02, 4.53874648e-01,
          -2.69851834e-01, -5.55436134e-01, -4.73917276e-01,
          -3.04222107e-01, -5.17170787e-01, -6.22293353e-01,
          1.56211779e-01, 2.59028167e-01, -4.94977504e-01,
          -1.28598559e+00, -2.59409696e-01, 1.48988317e-03,
          1.34210289e-02, 6.18895628e-02, -9.93568078e-02,
          2.47076288e-01, 6.61895871e-02, -2.17328802e-01,
          1.21570349e-01, -5.71070671e-01, 7.60875791e-02,
          5.17208576e-01, -9.20006692e-01, -5.23500741e-01,
          -2.71223634e-01, -3.60052854e-01, -7.90416896e-01,
          -5.68104148e-01, 5.41898012e-01, -9.74224269e-01,
          -5.28742552e-01, -4.35081691e-01, -8.85105133e-01,
          -1.38392699e+00, -1.42087877e+00, 1.11542612e-01,
          -1.34777427e+00, 6.21697068e-01, -2.17425749e-01,
          -4.54859346e-01, -1.05623972e+00, -1.66552389e+00,
          -2.75098950e-01, -1.55634594e+00, 1.05858469e+00,
          4.92421418e-01, -3.85408103e-02, -6.72542036e-01,
          -1.29119766e+00, -4.94903058e-01, -1.22067022e+00,
          1.28095055e+00, 1.16549635e+00, 2.14458257e-01,
          -4.75152194e-01, -8.28074217e-01, -3.21507722e-01,
          -2.29058996e-01, 1.09184897e+00, 7.26984859e-01,
          3.01039457e-01, 2.40601033e-01, -1.39424577e-01,
          -4.05558020e-01, 2.28646502e-01, 4.91908848e-01,
          2.97410548e-01, 1.71251714e-01, 1.16844214e-01, 7.76196197e-02,
          -3.48027468e-01, 3.21073145e-01, -3.11487973e-01,
          -6.50157630e-02, -6.63226098e-02, -2.68433541e-01,
          1.30414054e-01, -2.11804777e-01, -1.17473148e-01,
          -3.67544144e-01, 6.70548454e-02, -3.23191762e-01,
          -6.32674754e-01, -3.97187859e-01, -2.21211985e-01,
          -3.66876811e-01, -4.43437874e-01, 1.09494738e-01,
          7.95445383e-01, 1.28836370e+00, 5.68017304e-01, 2.80300945e-01,
          9.25228000e-02, -5.04844964e-01, 4.12941158e-01,
          1.13908052e+00, 1.87077105e+00, 1.19002306e+00, 9.75326836e-01,
          4.11584169e-01, 2.89477199e-01, 6.28896534e-01, 1.30359280e+00,
          1.70878100e+00, 9.99781489e-01, 1.31829810e+00, 3.61004859e-01,
          3.89377803e-01, 1.03277087e+00, 7.81562924e-01, 7.58915320e-02,
          5.03975570e-01, 9.59677279e-01, -2.66325146e-01,
          3.35231125e-01, 3.32167029e-01, -1.02843666e+00,
          3.48797411e-01, 2.46152982e-01, -5.85139632e-01,
          -4.64996099e-01, 2.90974587e-01, -9.95083988e-01,
          -3.35098833e-01, -6.54098570e-01, -9.77307260e-01,
          -3.22294563e-01, -2.84309000e-01, -6.71570718e-01,
          -6.17281973e-01, -3.45409542e-01, -4.43797410e-02,
          2.18515188e-01, 8.33763331e-02, -3.94687615e-02,
          -3.54753762e-01, -1.82655886e-01, -1.34783983e-01,
          3.08953878e-02, 2.07949400e-01, 2.15970185e-02, 1.64493889e-01,
          -5.87053537e-01, -3.76108795e-01, -4.22302425e-01,
          -2.06188500e-01, -1.44286752e-01, 1.57009035e-01,
          3.21065426e-01, 9.97100919e-02, -2.82350272e-01,
          -3.82402182e-01, -7.19002545e-01, -7.97214061e-02,
          -5.83761446e-02, 3.28317106e-01, 3.14424276e-01,
          1.86977595e-01, -1.49675563e-01, 9.22562182e-02,
          -1.68595538e-01, -4.05029088e-01, -7.85085618e-01,
          -2.96016455e-01, -9.08093870e-01, -1.28469276e+00,
          -1.08239150e+00, -9.08983409e-01, -3.93867731e-01,
          -7.62721777e-01, -1.07189536e+00, -5.10339677e-01,
          -2.86051631e-01, -3.21695834e-01, -2.67329782e-01,
          -1.74497664e-01, -4.95694995e-01, -2.28731692e-01,
          1.84073299e-01, 4.58238155e-01, 2.03503311e-01, 1.75498649e-01,
          1.20164961e-01, -5.13746083e-01, -4.78771657e-01,
          5.55095784e-02, 3.25520158e-01, 4.60436910e-01, 5.87612510e-01,
          6.19768381e-01, 1.70649439e-01, -3.37182313e-01,
          2.82831818e-01, 2.09534034e-01, 7.44920149e-02,
          -3.76481116e-01, -1.00615069e-01, -9.56733704e-01,
          -1.34665504e-01, 1.04665053e+00, 1.19308794e+00,
          1.01417398e+00, 1.20920658e+00, 1.52580035e+00, 1.65600225e-01,
          -5.93207359e-01, -1.22656561e-01, -7.13209957e-02,
          2.62646616e-01, 5.76022983e-01, 1.24130058e+00, 9.77349222e-01,
          -9.87884521e-01, -5.60874224e-01, 2.54135519e-01,
          3.76335710e-01, 8.51698220e-01, 6.46340668e-01, 1.31676599e-01,
          -1.30367076e+00, 7.56810308e-02, 6.94571495e-01,
          8.82100940e-01, 8.96512687e-01, 8.12127531e-01, 1.35213971e-01,
          2.97542512e-02, -3.52614492e-01, 2.21922487e-01,
          4.44235265e-01, -2.45955050e-01, -1.05695891e+00,
          -1.27543378e+00, 2.14789495e-01, 2.29502976e-01,
          5.45464694e-01, 8.34914222e-02, -6.51050389e-01,
          -1.58296025e+00, -1.34017444e+00, -6.94015563e-01,
          -2.85078343e-02, 1.33860484e-01, 9.62041840e-02,
          -4.02893245e-01, -1.06220150e+00, -1.48372543e+00,
          2.29140446e-01, -5.87527007e-02, -2.63079077e-01,
          -2.60714829e-01, -9.20172259e-02, 4.14054662e-01,
          5.81949472e-01, 2.51207590e-01, -1.96291193e-01,
          3.25245917e-01, 1.60600469e-01, 3.08364201e-02, 1.24587643e+00,
          1.07745373e+00, -6.42561018e-02, 6.63391769e-01,
          9.08682048e-01, 4.96772915e-01, 6.97473884e-01, 9.31592345e-01,
          1.27144504e+00, 5.54547012e-02, -1.83386385e-01,
          1.00253630e+00, 1.37958539e+00, 8.09182942e-01, 1.98919132e-01,
          1.26422393e+00, 3.95144194e-01, 7.40952611e-01, 7.59490490e-01,
          8.32222462e-01, 8.07495713e-01, 7.42893457e-01, 6.89615488e-01,
          3.69421542e-01, 6.38145626e-01, 8.25145066e-01, 5.55179656e-01,
          1.65487051e-01, -1.11275643e-01, 4.29071635e-01,
          7.56978169e-02, 7.39369392e-01, 5.45179784e-01,
          -4.20666724e-01, -6.38918281e-01, -3.05611104e-01,
          1.76045731e-01, 5.11314154e-01, 2.75932848e-02,
          -6.73131496e-02, -1.36337638e-01, -2.80830637e-03,
          -5.64245917e-02, 7.35589564e-01, 3.33034366e-01,
          6.93096966e-02, -8.65954831e-02, -2.00203210e-01,
          1.58119237e-03, -1.18651189e-01, 7.45071590e-01,
          -9.63181406e-02, -1.42034948e-01, -2.53159374e-01,
          -2.85012275e-01, -1.77920818e-01, -1.27467513e-02,
          4.61082309e-01, -6.74478590e-01, -2.82693971e-02,
          -3.86074781e-01, -4.61986423e-01, -5.14338315e-01,
          -2.03657910e-01, 1.66585028e-01, -6.85654640e-01,
          4.05670935e-03, -3.38728338e-01, -5.84778845e-01,
          -5.49737751e-01, -4.03939158e-01, -2.26929352e-01,
          -3.46948177e-01, 2.38820538e-01, -6.39685914e-02,
          -4.56438452e-01, -3.79676580e-01, -1.00597851e-01,
          -3.16563338e-01, -1.35531291e-01, 2.69212365e-01,
          3.31061631e-01, -2.29340233e-02, 4.99083772e-02,
          3.96593928e-01, -3.11068594e-01, 2.01364294e-01,
          2.15076253e-01, 4.45691913e-01, 1.93368599e-01, 2.89468497e-01,
          4.40787733e-01, -2.24255979e-01, 2.74897546e-01,
          1.05183698e-01, 5.29517949e-01, 2.83420324e-01, 4.72133040e-01,
          4.56869841e-01, -2.49003172e-01, 3.53533685e-01,
          1.41966015e-01, 5.17925203e-01, 2.70262331e-01, 5.10615289e-01,
          3.35370809e-01, -3.37912977e-01, 2.73534954e-01,
          -5.07825464e-02, -3.06234896e-01, 6.00839220e-02,
          2.97702283e-01, 4.22867805e-01, 1.27249345e-01, 3.50150555e-01,
          -2.01044992e-01, 1.41063174e-02, 1.89435229e-01,
          7.83244610e-01, 6.39401555e-01, 6.36050761e-01, 2.10033152e-02,
          -2.08854806e-02, 2.51592338e-01, 3.35564077e-01,
          8.06288362e-01, 7.16075897e-01, 7.80070543e-01, 3.27337801e-01,
          -1.31896645e-01, -2.17138696e-02, 6.57893300e-01,
          7.79440284e-01, 1.01833749e+00, 9.00074959e-01,
          -1.26878515e-01, -2.80756652e-01, 4.33266833e-02,
          4.71557200e-01, 8.91365767e-01, 7.64176548e-01, 8.64124179e-01,
          -5.03776781e-03, -9.59473327e-02, 2.33497187e-01,
          4.98556286e-01, 4.69541490e-01, 5.69995522e-01, 1.34172693e-01,
          -2.22222835e-01, 8.37748696e-04, 9.51598659e-02,
          1.82504833e-01, 1.40636504e-01, 1.92246825e-01,
          -2.43146047e-01, -1.83141783e-01, 5.93013279e-02,
          -1.01665579e-01, -2.52776742e-01, -1.14117451e-01,
          -8.10569376e-02, 1.59446504e-02, -5.61189372e-03,
          -2.27897838e-01, -2.87407696e-01, -1.79296970e-01,
          1.26186207e-01, 4.46495712e-02, -5.26355803e-01,
          1.41824335e-01, -7.30188191e-02, 1.37802005e-01,
          2.69502223e-01, 3.24972481e-01, 8.24488774e-02,
          -5.50113499e-01, 5.58771849e-01, 4.14246559e-01,
          1.85531244e-01, 9.77472439e-02, 1.25389099e-01, 2.39449218e-01,
          3.61885697e-01, 5.87264061e-01, 8.20336044e-01, 8.61069918e-01,
          7.68845022e-01, 7.09185719e-01, 7.36303508e-01, 4.98220623e-01,
          4.80302811e-01, 7.05529630e-01, 6.89656913e-01, 5.77127337e-01,
          4.15391415e-01, 1.55097619e-01, -3.04077268e-01,
          9.77663696e-02, 1.55429214e-01, 1.63507223e-01, 1.60606191e-01,
          1.70554698e-01, 9.18174610e-02, -1.28921106e-01,
          -1.25074357e-01, 8.11032020e-04, 2.30549753e-01,
          3.14406574e-01, 4.40005124e-01, 2.12851688e-01,
          -2.41220996e-01, -5.04348338e-01, -5.08302927e-01,
          -5.45037031e-01, -5.07860959e-01, -6.39944673e-01,
          -7.79002726e-01, -8.60653698e-01, -6.22998714e-01,
          -5.72089136e-01, -5.73470116e-01, -5.26263595e-01,
          -6.69747233e-01, -7.09322751e-01, -8.13348055e-01,
          -6.15869045e-01, -7.42814481e-01, -7.64455020e-01,
          -7.69614577e-01, -8.84658217e-01, -8.56919467e-01,
          -7.91408896e-01, -4.35638309e-01, -5.20679295e-01,
          -5.27960658e-01, -5.04541576e-01, -5.45844018e-01,
          -6.23570800e-01, -6.62139952e-01, -3.57440650e-01,
          3.63606843e-04, 1.37015760e-01, -2.89411098e-01,
          -5.71006119e-01, -7.58795440e-01, -9.11006570e-01,
          3.51693422e-01, 2.65685469e-01, 7.82234780e-03,
          -1.94259360e-01, -8.70216638e-02, -5.04722521e-02,
          -1.04276776e-01, 5.76475441e-01, 1.22194625e-01,
          -3.02107096e-01, -5.32363474e-01, -2.80582964e-01,
          -6.91815391e-02, -2.02457353e-01, 4.60650057e-01,
          3.15319210e-01, -3.03858876e-01, -4.77719516e-01,
          -4.64619964e-01, -4.39300656e-01, 1.87638000e-01,
          4.28875953e-01, 1.35275334e-01, -2.44546514e-02,
          -4.72386032e-01, -3.79082054e-01, -2.94293523e-01,
          -1.04172200e-01, 2.14423135e-01, 3.74681829e-03,
          -2.69790739e-01, -2.01196641e-01, -4.54184353e-01,
          -3.42690796e-01, -5.11359870e-02, -1.29807487e-01,
          2.65190937e-02, -1.84709266e-01, -3.59298915e-01,
          -3.95472646e-01, -3.34430844e-01, -1.60722256e-01,
          -1.40942931e-01, 3.51035558e-02, -7.72671923e-02,
          -3.25831741e-01, -3.71552736e-01, -5.24628222e-01,
          -4.63333756e-01, -4.14542586e-01, 3.69326212e-02,
          -3.15286964e-02, -3.07089984e-01, -2.99065173e-01,
          -4.06147212e-01, -6.24588370e-01, -1.17103226e-01,
          -8.14959705e-02, 4.03204421e-03, 1.79227896e-03,
          -7.30920285e-02, -3.54704976e-01, -4.90832478e-01,
          7.95098394e-02, -5.69919683e-02, 3.71653140e-01,
          3.97309631e-01, 2.47557804e-01, -3.05102795e-01,
          -3.41989577e-01, -2.28606798e-02, -1.50824952e+00,
          -1.17862248e+00, -2.70563185e-01, -7.80727506e-01,
          -1.33759856e+00, -6.65436685e-01, 5.74035645e-01,
          -8.25667679e-01, 6.41787589e-01, 5.48895538e-01,
          -1.00397378e-01, -1.79858890e-03, 1.70816803e+00,
          7.37412930e-01, 6.17306411e-01, 5.88195562e-01, 1.23419929e+00,
          1.05427206e+00, 7.37363219e-01, 1.79383290e+00, 8.74865234e-01,
          1.04738092e+00, 4.47173893e-01, 1.50454283e+00, 1.39885819e+00,
          9.49243069e-01, 1.72355187e+00, 1.29495367e-01, 2.07212567e-01,
          3.47328603e-01, 1.69905078e+00, 1.20197093e+00, 2.52218563e-02,
          8.03277552e-01, 6.65869594e-01, -8.72907579e-01,
          2.17530519e-01, 8.62143219e-01, -4.11454201e-01,
          -1.72651899e+00, -5.80486655e-01, 2.07667875e+00,
          -5.73305428e-01, 1.54312894e-01, -7.35078692e-01,
          -1.85805428e+00, -2.22439098e+00, -2.00095534e-01,
          2.16202044e+00, -9.37452540e-02, 3.72397229e-02,
          -1.23741770e+00, -2.14847922e+00, -1.49996746e+00,
          3.20359498e-01, 1.00346529e+00, -1.20996334e-01,
          -9.75752100e-02, -7.89549649e-01, -7.06034601e-01,
          -8.96182060e-01, 1.58103609e+00, -5.40514290e-01,
          -2.67056286e-01, -2.54398704e-01, 7.29666531e-01,
          9.57786441e-01, -3.78688097e-01, 6.76562250e-01,
          5.06509721e-01, 1.18005049e+00, -7.01513529e-01,
          -9.89389718e-01, -7.30113447e-01, -4.07439083e-01,
          -6.05492771e-01, 1.11537576e+00, -4.44554806e-01,
          1.36731005e+00, -4.91193123e-02, -5.22064753e-02,
          -3.06820095e-01, -2.02856970e+00, -8.77014756e-01,
          4.45823789e-01, 3.40158880e-01, 7.31354833e-01, 7.95095861e-01,
          -5.11289537e-01, -1.43606615e+00, 1.86970741e-01,
          2.45548892e+00, 1.40174687e+00, -4.30588275e-01,
          5.19590795e-01, 8.48955393e-01, 1.32009506e+00, 2.17501903e+00,
          3.10243011e+00, 7.18529761e-01, -1.50033319e+00,
          4.13431883e-01, 3.31840253e+00, 2.67383242e+00, 1.09216094e+00,
          2.32428026e+00, 1.88176095e+00, -7.44105875e-01,
          1.85982138e-01, 3.46318817e+00, 1.75867212e+00, 1.28763065e-01,
          1.30691755e+00, 1.53333163e+00, 5.95366359e-02,
          -4.75559354e-01, 1.08976305e+00, 4.70111996e-01,
          -1.58773386e+00, 1.28176272e+00, 1.62848401e+00,
          -3.16270679e-01, -1.15731239e+00, 9.31911886e-01,
          5.49411118e-01, -1.10063696e+00, 4.83552545e-01,
          -5.19835234e-01, -6.26066983e-01, 1.46794617e-01,
          5.94394743e-01, -3.36301744e-01, -8.18641067e-01,
          1.09548378e+00, 1.59981000e+00, 9.20162797e-01,
          -3.93152714e-01, 3.50736231e-01, 1.28153851e-02,
          -4.58481938e-01, -5.31924307e-01, 1.45615339e+00,
          9.18352485e-01, -5.46539538e-02, 6.14950240e-01,
          -9.07259583e-01, 4.21124786e-01, -4.66884114e-03,
          7.11733878e-01, 2.56816208e-01, -1.35717452e-01,
          -3.11511517e-01, -1.23938107e+00, -3.87623787e-01,
          -6.26018584e-01, 5.06422698e-01, 1.30451477e+00,
          1.39866889e+00, 2.74811953e-01, -9.89297330e-01,
          -7.34024704e-01, -6.69311643e-01, 9.85916853e-01,
          1.34606016e+00, 1.03493845e+00, -6.20947301e-01,
          -1.51566529e+00, 8.14519584e-01, -1.52874857e-01,
          1.31936300e+00, 1.87092626e+00, 1.30067492e+00,
          -3.87283683e-01, -8.89204443e-02, -2.06131965e-01,
          -1.01029503e+00, 8.89657497e-01, 1.83373499e+00,
          1.53901291e+00, -3.30918282e-01, 9.57033634e-01,
          -1.23376584e+00, -1.82234180e+00, 2.34806627e-01,
          7.01470554e-01, 6.80660903e-01, -9.71016049e-01,
          -5.76590538e-01, -1.40607274e+00, -2.76385427e+00,
          -1.47348654e+00, -1.27446651e+00, -5.72607934e-01,
          -1.07308948e+00, -9.07615602e-01, -2.62850070e+00,
          -2.26114869e+00, -8.76854479e-01, -1.48733765e-01,
          1.53510988e-01, -5.65946382e-03, -2.91636229e-01,
          -1.06346202e+00, -2.54344312e-04, 9.01405156e-01,
          7.24379897e-01, 2.66799986e-01, 6.58205628e-01, 4.97664332e-01,
          -9.17261064e-01, 6.73313320e-01, 5.42100847e-01,
          -5.28228283e-01, -1.35066402e+00, -1.21300913e-01,
          6.99257314e-01, -2.97380853e+00, 1.71161962e+00,
          2.05728245e+00, 1.47189689e+00, 1.08642423e+00, 8.95860493e-01,
          6.08913660e-01, -2.11306620e+00, 1.07252204e+00,
          2.22121000e+00, 1.93879402e+00, 7.95625687e-01, 3.65934551e-01,
          -3.55234817e-02, -1.06332815e+00, 2.28745699e-01,
          1.98940647e+00, 9.36460137e-01, 7.15611935e-01, 4.41168129e-01,
          1.02012813e+00, 3.76366675e-01, 2.03233457e+00, 7.83915639e-01,
          -1.59832954e-01, 4.77258414e-01, 5.44519126e-01,
          1.18954599e+00, 1.39582455e-01, 1.55180919e+00, 1.16422486e+00,
          -3.46898250e-02, -8.15153182e-01, 9.01101172e-01,
          1.56289846e-01, -9.10374522e-01, 1.25707591e+00,
          1.83055210e+00, 7.98860848e-01, 1.55820453e+00, 1.01090848e+00,
          -8.58281672e-01, -1.44226670e+00, -4.69355397e-02,
          3.93813819e-01, 7.33445108e-01, 5.18448591e-01, 2.88107932e-01,
          -9.52920318e-01, 1.02558506e+00, 2.83987969e-01,
          -2.86842167e-01, 3.92049663e-02, 2.82551665e-02,
          -3.10404636e-02, -1.77180514e-01, 2.06273031e+00,
          1.68213546e+00, 6.07176721e-01, -5.05734742e-01,
          3.18874538e-01, 3.95362854e-01, 5.73409200e-01,
          -7.47462451e-01, -2.33486533e-01, -4.27446328e-02,
          4.77004021e-01, 5.66222489e-01, -2.76131881e-03,
          -2.66105473e-01, 2.33950227e-01, -8.98159221e-02,
          -1.35235563e-01, -1.83777213e-01, 1.79734677e-01,
          -2.61177327e-02, 5.24813294e-01, 8.43746245e-01,
          -2.30080500e-01, -3.40059638e-01, -5.09611845e-01,
          -2.02325001e-01, -2.83098090e-02, 1.31002867e+00,
          8.51250708e-01, -4.72830743e-01, -7.04737484e-01,
          -5.87728858e-01, -4.63915765e-01, -5.58827743e-02,
          1.39811850e+00, 7.44021177e-01, -5.35102546e-01,
          -8.95800948e-01, -7.46891320e-01, -2.85456926e-01,
          -2.81009734e-01, 6.35071158e-01, -1.02419496e+00,
          -6.24643624e-01, -1.22605729e+00, -5.64233005e-01,
          4.21341002e-01, -1.57069545e-02, 4.79583703e-02,
          -1.95694458e+00, -6.40806913e-01, -1.25195980e+00,
          -1.17412932e-01, 1.09928536e+00, 3.28000605e-01,
          8.15495253e-01, -1.76951456e+00, -4.79079336e-01,
          -1.16909146e+00, 2.15475157e-01, 1.22452617e+00,
          2.94413924e-01, 8.63001227e-01, -1.47385609e+00,
          -2.55285114e-01, -4.12620574e-01, 3.98839712e-01,
          5.51564515e-01, -2.49161143e-02, -1.72027901e-01,
          -3.06094378e-01, 1.25823095e-01, 3.92085046e-01,
          2.06974462e-01, 6.09370088e-03, -1.85799450e-01,
          -9.75401461e-01, 1.18052495e+00, 1.13662803e+00,
          5.79989970e-01, 4.85468358e-02, -2.47918680e-01,
          4.54557091e-02, -8.61448169e-01, 1.18130302e+00,
          8.82184744e-01, 6.20759070e-01, 7.33651593e-02,
          -2.87828892e-01, -3.11129838e-01, -4.01937902e-01,
          1.11288875e-01, 3.02614450e-01, 3.42040420e-01,
          -3.26054096e-01, 1.63322896e-01, -4.85332608e-01,
          -3.88655178e-02, 4.55218442e-02, 4.96797115e-02,
          -2.10562646e-02, -2.25050017e-01, 2.05744784e-02,
          1.96846463e-02, -1.81248263e-01, -2.16566384e-01,
          -6.39654636e-01, -4.47230011e-01, 8.34861994e-02,
          2.95768648e-01, 5.83389163e-01, -3.18122685e-01,
          5.28381858e-03, -5.94160438e-01, -1.02498066e+00,
          2.98610449e-01, 8.84963334e-01, 7.34798312e-01,
          -2.16629103e-01, -3.31360012e-01, -1.08537638e+00,
          -1.14367211e+00, 1.04684845e-01, 5.05469322e-01,
          2.29809746e-01, -2.67244816e-01, 7.63775468e-01,
          -9.11810517e-01, -8.72212827e-01, 4.68009889e-01,
          1.06730342e+00, 1.65264532e-01, -4.29058820e-01,
          1.11113536e+00, -2.63050228e-01, 6.60295859e-02,
          5.50338209e-01, 4.60335761e-01, 2.22830445e-01, 2.90192872e-01,
          4.56430823e-01, -2.39910975e-01, 2.78386354e-01,
          3.78711373e-01, 4.33856934e-01, 6.49596870e-01, 4.13520813e-01,
          -7.12157547e-01, -1.72440499e-01, 4.51335639e-01,
          2.89317101e-01, 3.52008879e-01, -4.95065041e-02,
          -7.71045029e-01, -4.99496639e-01, -4.11453635e-01,
          -4.38288227e-02, 9.99517515e-02, 3.75253201e-01,
          1.93166584e-01, -3.48238379e-01, -6.56901479e-01,
          -9.35971975e-01, -7.41334200e-01, -6.81644559e-01,
          -3.96790385e-01, 1.03433363e-01, 1.38944820e-01,
          -4.80729550e-01, -3.30863446e-01, 3.30796242e-02,
          2.12222382e-01, 2.86129862e-01, 6.41172111e-01, 2.10057616e-01,
          -5.66784441e-01, -2.10517142e-02, 5.33982217e-01,
          7.50739157e-01, 4.92594898e-01, 1.57069221e-01,
          -8.74704003e-01, -5.60093522e-01, 2.14721128e-01,
          8.35021436e-01, 1.04139781e+00, 8.44839633e-01, 6.27137959e-01,
          -7.95038283e-01, -7.22870171e-01, 5.65374672e-01,
          1.04951835e+00, 8.68513882e-01, 7.16142952e-01, 6.05986893e-01,
          -1.95844680e-01, 1.87695906e-01, 7.49765277e-01,
          7.31947660e-01, 3.50684166e-01, 2.33577222e-01, 2.12804690e-01,
          -8.05396974e-01, 8.19455981e-01, 5.01273632e-01,
          -2.39765495e-01, -5.82044661e-01, -8.17166984e-01,
          -4.04094487e-01, -8.42102766e-01, 4.74203110e-01,
          1.00135732e+00, 7.91129112e-01, 6.10593855e-01, 5.10976732e-01,
          -3.87858450e-01, -1.05807340e+00, 8.13543517e-03,
          5.50454319e-01, 1.74676389e-01, 3.09526652e-01, 9.16279137e-01,
          1.30830169e+00, 1.04196477e+00, 3.19378376e-01,
          -1.72747653e-02, 3.13652796e-03, 4.60438997e-01,
          9.91829634e-01, 1.26186490e+00, 9.20546532e-01, 1.72478989e-01,
          7.24186063e-01, 5.71627975e-01, 2.05815092e-01, 6.54451251e-01,
          5.44920206e-01, 4.85097796e-01, 6.44170582e-01, 1.14661491e+00,
          1.04144037e+00, 2.94738531e-01, 5.52440956e-02,
          -4.47042376e-01, -1.16045642e+00, 2.32232833e+00,
          1.99401307e+00, 1.19031465e+00, 9.38118339e-01,
          -2.64655828e-01, -4.83586401e-01, -1.13106036e+00,
          2.50338721e+00, 2.23931885e+00, 1.14976084e+00,
          -4.57478821e-01, -7.47693717e-01, -1.07145166e+00,
          -1.24935985e+00, 1.76959193e+00, 1.62936425e+00,
          7.42514968e-01, -3.55994731e-01, -1.18117452e+00,
          -1.38577759e+00, -9.76014256e-01, 4.23053980e-01,
          3.13577622e-01, 2.88265944e-01, -3.17421734e-01,
          -9.38805401e-01, -8.94906163e-01, -7.92341650e-01,
          -2.22385585e-01, -5.69618464e-01, -6.40219152e-01,
          1.99863538e-01, -1.62856858e-02, -1.02515854e-01,
          -6.74756229e-01, -2.30114534e-01, -5.14793932e-01,
          -1.15414292e-01, -1.78770974e-01, 3.82236019e-02,
          -2.03828707e-01, -1.81244895e-01, -7.06140101e-02,
          3.63606438e-02, 1.56309628e+00, 1.96525025e+00, 2.20049787e+00,
          1.36740136e+00, 1.20933264e-01, 3.82862598e-01,
          -1.33428469e-01, 1.64768028e+00, 2.00968552e+00,
          1.63116956e+00, 6.31132126e-01, -9.58610415e-01,
          5.30164719e-01, -5.89391626e-02, 1.07797682e+00,
          1.55970418e+00, 7.78755128e-01, -6.04786612e-02,
          -1.21893275e+00, 3.96719664e-01, 4.30962890e-01,
          4.25120473e-01, 3.32164496e-01, 7.96763122e-01, 6.88575268e-01,
          -2.04180866e-01, 1.10222900e+00, 1.00803721e+00,
          -4.11202371e-01, -7.29164332e-02, 1.27563190e+00,
          1.18206370e+00, 1.11014187e+00, 2.42949679e-01, 1.39717782e+00,
          -1.06971192e+00, 5.41709781e-01, 1.48687994e+00,
          1.37109232e+00, 1.37831247e+00, -1.19736828e-01,
          9.57143366e-01, -3.70182425e-01, 2.04093501e-01,
          1.01883984e+00, 8.15815270e-01, 1.25737727e+00,
          -5.10619640e-01, 6.41713798e-01, 3.62782180e-01,
          -3.77282798e-01, 2.11943954e-01, 1.52478948e-01,
          6.03881001e-01, -4.00748670e-01, 9.50214982e-01,
          1.42552888e+00, 3.70890319e-01, -5.78436077e-01,
          -3.44819754e-01, 2.68187933e-02, 4.62489843e-01,
          1.13772666e+00, 2.15499973e+00, 2.09476137e+00, 1.05401647e+00,
          1.82803839e-01, 4.43308651e-01, -2.79655427e-01,
          -5.66855907e-01, -1.84904003e+00, -1.62083721e+00,
          -3.71206291e-02, -7.80666769e-02, 1.32821023e-01,
          4.47723687e-01, -2.34421104e-01, -5.61677635e-01,
          8.76888037e-02, -1.78262535e-02, -1.66162565e-01,
          3.30964655e-01, 5.52485704e-01, 1.48107618e-01,
          -1.51764587e-01, -1.63743794e-01, -1.54822767e-01,
          5.25779068e-01, 6.17485106e-01, 7.16141999e-01, 4.22161222e-01,
          -9.97412875e-02, 3.39213610e-01, 1.34575486e-01,
          8.41836393e-01, 1.04002023e+00, 8.08569014e-01, 1.25325048e+00,
          1.20380521e+00, 9.68391262e-03, 7.03074515e-01, 4.84627306e-01,
          7.83145010e-01, 1.06385195e+00, 1.44682205e+00, 7.46997416e-01,
          1.84764415e-01, 5.80487311e-01, 4.52510744e-01, 4.33656156e-01,
          8.05626690e-01, 1.12755871e+00, 2.32184872e-01, 1.92728564e-01,
          2.18797028e-01, 5.05639970e-01, 4.45435971e-01, 5.96799076e-01,
          3.22458506e-01, 4.60725129e-01, 5.59793890e-01, 1.04259706e+00,
          2.18084052e-01, 4.06534784e-02, 2.75466472e-01,
          -1.74366340e-01, 3.81366789e-01, 3.91374648e-01,
          2.74738491e-01, -1.29765376e-01, -1.43856734e-01,
          -4.93951626e-02, 3.82393658e-01, 3.98138314e-01,
          2.93233655e-02, -4.18101907e-01, -5.20440876e-01,
          -2.97160238e-01, -1.59460619e-01, -1.18709230e+00,
          -1.14617252e+00, -1.08421230e+00, -9.02568102e-01,
          -1.61760181e-01, 3.30440179e-02, 5.97639441e-01,
          -1.49804369e-01, -1.54489443e-01, 1.85571369e-02,
          4.33365822e-01, 5.13427913e-01, 3.19109380e-01, 9.31808531e-01,
          2.29900420e-01, 6.63199425e-02, 4.24706414e-02, 4.79766011e-01,
          8.92551184e-01, 1.46853876e+00, 6.76133752e-01,
          -3.13878208e-01, -6.66774452e-01, 4.63524796e-02,
          7.13295281e-01, 1.83950937e+00, 2.10452509e+00, 1.32895589e+00,
          6.03475630e-01, -2.75033265e-01, 3.54086086e-02,
          4.54566568e-01, 7.47526407e-01, 1.14962113e+00, 1.87294114e+00,
          1.56708670e+00, 9.29750025e-01, 6.92818820e-01, 6.18443899e-02,
          3.10410894e-02, 1.44911930e-02, 1.35527098e+00, 8.63118708e-01,
          -5.12361526e-01, -7.86626160e-01, -1.15760195e+00,
          -4.23089266e-01, -6.19305037e-02, 8.75652969e-01,
          4.01560366e-01, -6.33275151e-01, -8.83982480e-01,
          -5.88063717e-01, -1.00273862e-01, -2.27392167e-02,
          5.64596951e-01, -4.88254994e-01, -7.21859992e-01,
          -1.02207744e+00, -3.86750787e-01, 1.20262437e-01,
          7.52700925e-01, 5.45136519e-02, -2.52873868e-01,
          2.92328775e-01, -3.98718715e-01, -1.04257488e+00,
          -2.17490196e-01, 9.19949532e-01, 1.41995502e+00,
          1.60444155e-01, -6.72145069e-01, -1.26606083e+00,
          -1.34829748e+00, -5.79104424e-01, -2.37833560e-01,
          9.58606005e-01, 3.26955140e-01, -3.78985673e-01,
          1.80939725e-03, 5.61834723e-02, 2.60791063e-01,
          -5.55017404e-02, 1.17445290e+00, 3.85538876e-01,
          -7.50515703e-03, 1.11823849e-01, 8.64212990e-01,
          9.53085303e-01, 1.04497004e+00, 1.12345076e+00, 5.44545166e-02,
          1.54383108e-01, 6.66843474e-01, 1.02777660e+00, 8.50971520e-01,
          5.37779808e-01, 7.05904067e-01, 1.26424223e-01,
          -2.15795878e-02, 1.04813778e+00, 9.94483709e-01,
          4.60471749e-01, -3.98118868e-02, 5.35716861e-02,
          -1.19198956e-01, 4.24956769e-01, 7.31266499e-01,
          7.28211522e-01, 8.27197582e-02, -4.00966018e-01,
          -9.90103558e-02, 9.46444795e-02, 6.21726632e-01,
          9.25776720e-01, 3.57171535e-01, 3.38629670e-02,
          -1.10363714e-01, -5.92704773e-01, -2.13891104e-01,
          2.88076520e-01, 4.19813156e-01, 2.92333156e-01, 3.32357824e-01,
          8.21926475e-01, -4.58387703e-01, -6.59380376e-01,
          -3.02220732e-01, 5.60891509e-01, 6.00230277e-01,
          8.55975032e-01, 7.03851283e-01, -3.18454623e-01,
          -3.14282067e-02, -4.91320640e-01, -1.58381283e-01,
          6.82746947e-01, 6.25327289e-01, 1.87834287e+00 ]
   Bias: !!opencv-matrix
      rows: 11
      cols: 1
      dt: f
      data: [ -2.10817528e+00, -2.73122132e-01, -3.27132177e+00,
          -3.31847262e+00, -2.41689968e+00, -2.86770368e+00,
          -2.50431156e+00, -1.57343817e+00, -5.64851809e+00,
          -2.97375274e+00, -5.15130043e+00 ]
